    9.765625e-01     2.441406e-02 
   -6.234646e-05    -3.890991e-03
   -7.277727e-05    -4.093170e-03
   -8.958578e-05    -4.226685e-03
   -1.080632e-04    -4.245758e-03
   -1.236200e-04    -4.123688e-03
   -1.323223e-04    -3.887177e-03
   -1.310110e-04    -3.644943e-03
   -1.169443e-04    -3.511429e-03
   -8.690357e-05    -3.597260e-03
   -4.196167e-05    -3.932953e-03
    1.001358e-05    -4.409790e-03
    6.097555e-05    -4.894257e-03
    1.026392e-04    -5.271912e-03
    1.296997e-04    -5.455017e-03
    1.443624e-04    -5.470276e-03
    1.488924e-04    -5.355835e-03
    1.463890e-04    -5.142212e-03
    1.392365e-04    -4.863739e-03
    1.302958e-04    -4.547119e-03
    1.223087e-04    -4.207611e-03
    1.179576e-04    -3.873825e-03
    1.186728e-04    -3.562927e-03
    1.221895e-04    -3.324509e-03
    1.248121e-04    -3.202438e-03
    1.233816e-04    -3.248215e-03
    1.152754e-04    -3.482819e-03
    1.041889e-04    -3.822327e-03
    9.530783e-05    -4.146576e-03
    9.405613e-05    -4.333496e-03
    1.046062e-04    -4.283905e-03
    1.240969e-04    -4.062653e-03
    1.469851e-04    -3.793716e-03
    1.676083e-04    -3.601074e-03
    1.806021e-04    -3.602982e-03
    1.863241e-04    -3.786087e-03
    1.878738e-04    -4.081726e-03
    1.883507e-04    -4.413605e-03
    1.908541e-04    -4.711151e-03
    1.963377e-04    -4.894257e-03
    2.045631e-04    -4.886627e-03
    2.152920e-04    -4.611969e-03
    2.280474e-04    -4.001617e-03
    2.413988e-04    -3.158569e-03
    2.524853e-04    -2.342224e-03
    2.591610e-04    -1.819611e-03
    2.586842e-04    -1.845360e-03
    2.536774e-04    -2.437592e-03
    2.522469e-04    -3.328323e-03
    2.636909e-04    -4.238129e-03
    2.958775e-04    -4.890442e-03
    3.478527e-04    -5.146027e-03
    4.019737e-04    -5.088806e-03
    4.408360e-04    -4.810333e-03
    4.460812e-04    -4.409790e-03
    4.131794e-04    -3.967285e-03
    3.631115e-04    -3.540039e-03
    3.197193e-04    -3.183365e-03
    3.068447e-04    -2.950668e-03
    3.361702e-04    -2.880096e-03
    3.881454e-04    -2.973557e-03
    4.379749e-04    -3.225327e-03
    4.611015e-04    -3.633499e-03
    4.427433e-04    -4.161835e-03
    4.005432e-04    -4.688263e-03
    3.590584e-04    -5.073547e-03
    3.426075e-04    -5.172729e-03
    3.683567e-04    -4.898071e-03
    4.196167e-04    -4.394531e-03
    4.711151e-04    -3.866196e-03
    4.968643e-04    -3.524780e-03
    4.768372e-04    -3.532410e-03
    4.253387e-04    -3.793716e-03
    3.685951e-04    -4.112244e-03
    3.333092e-04    -4.295349e-03
    3.418922e-04    -4.177094e-03
    3.852844e-04    -3.839493e-03
    4.391670e-04    -3.477097e-03
    4.789829e-04    -3.292084e-03
    4.825592e-04    -3.463745e-03
    4.518032e-04    -3.944397e-03
    4.041195e-04    -4.547119e-03
    3.578663e-04    -5.084991e-03
    3.294945e-04    -5.378723e-03
    3.240108e-04    -5.413055e-03
    3.366470e-04    -5.294800e-03
    3.616810e-04    -5.146027e-03
    3.941059e-04    -5.077362e-03
    4.260540e-04    -5.119324e-03
    4.487038e-04    -5.210876e-03
    4.520416e-04    -5.294800e-03
    4.274845e-04    -5.302429e-03
    3.774166e-04    -5.222321e-03
    3.197193e-04    -5.104065e-03
    2.741814e-04    -5.008698e-03
    2.598763e-04    -4.985809e-03
    2.815723e-04    -5.054474e-03
    3.192425e-04    -5.168915e-03
    3.502369e-04    -5.271912e-03
    3.519058e-04    -5.310059e-03
    3.144741e-04    -5.260468e-03
    2.560616e-04    -5.172729e-03
    1.986027e-04    -5.111694e-03
    1.641512e-04    -5.138397e-03
    1.662970e-04    -5.287170e-03
    1.932383e-04    -5.489349e-03
    2.290010e-04    -5.672455e-03
    2.570152e-04    -5.748749e-03
    2.648830e-04    -5.668640e-03
    2.546310e-04    -5.496979e-03
    2.324581e-04    -5.317688e-03
    2.037287e-04    -5.218506e-03
    1.738071e-04    -5.271912e-03
    1.444817e-04    -5.432129e-03
    1.165271e-04    -5.626678e-03
    9.059906e-05    -5.771637e-03
    6.759167e-05    -5.802155e-03
    5.096197e-05    -5.744934e-03
    4.476309e-05    -5.661011e-03
    5.328655e-05    -5.607605e-03
    7.957220e-05    -5.641937e-03
    1.149774e-04    -5.748749e-03
    1.443624e-04    -5.882263e-03
    1.525879e-04    -5.992889e-03
    1.258850e-04    -6.031036e-03
    7.212162e-05    -6.015778e-03
    1.513958e-05    -5.996704e-03
   -2.104044e-05    -6.031036e-03
   -1.358986e-05    -6.172180e-03
    3.480911e-05    -6.401062e-03
    9.757280e-05    -6.637573e-03
    1.471043e-04    -6.786346e-03
    1.567602e-04    -6.767273e-03
    1.236200e-04    -6.576538e-03
    7.474422e-05    -6.313324e-03
    3.826618e-05    -6.080627e-03
    4.237890e-05    -5.981445e-03
    9.429455e-05    -6.050110e-03
    1.688004e-04    -6.202698e-03
    2.380610e-04    -6.347656e-03
    2.739429e-04    -6.401062e-03
    2.653599e-04    -6.324768e-03
    2.337694e-04    -6.191254e-03
    2.045631e-04    -6.099701e-03
    2.033710e-04    -6.137848e-03
    2.437830e-04    -6.336212e-03
    3.066063e-04    -6.595612e-03
    3.683567e-04    -6.786346e-03
    4.045963e-04    -6.782532e-03
    4.010201e-04    -6.500244e-03
    3.757477e-04    -6.034851e-03
    3.552437e-04    -5.527496e-03
    3.650188e-04    -5.111694e-03
    4.236698e-04    -4.890442e-03
    5.159378e-04    -4.863739e-03
    6.170273e-04    -4.997253e-03
    7.014275e-04    -5.252838e-03
    7.491112e-04    -5.584717e-03
    7.729530e-04    -5.893707e-03
    7.996559e-04    -6.069183e-03
    8.540154e-04    -5.989075e-03
    9.584427e-04    -5.561829e-03
    1.094818e-03    -4.871368e-03
    1.227379e-03    -4.089355e-03
    1.318932e-03    -3.385544e-03
    1.338005e-03    -2.925873e-03
    1.307487e-03    -2.759933e-03
    1.286507e-03    -2.861023e-03
    1.336098e-03    -3.200531e-03
    1.511574e-03    -3.747940e-03
    1.801491e-03    -4.386902e-03
    2.136230e-03    -4.943848e-03
    2.443314e-03    -5.237579e-03
    2.655029e-03    -5.088806e-03
    2.763748e-03    -4.535675e-03
    2.826691e-03    -3.835678e-03
    2.904892e-03    -3.257751e-03
    3.061295e-03    -3.068924e-03
    3.316879e-03    -3.316879e-03
    3.641129e-03    -3.753662e-03
    4.001617e-03    -4.104614e-03
    4.360199e-03    -4.108429e-03
    4.703522e-03    -3.658295e-03
    5.058289e-03    -2.973557e-03
    5.451202e-03    -2.298355e-03
    5.901337e-03    -1.882553e-03
    6.427765e-03    -1.845360e-03
    6.992340e-03    -2.019882e-03
    7.564545e-03    -2.197266e-03
    8.102417e-03    -2.164841e-03
    8.590698e-03    -1.789093e-03
    9.071350e-03    -1.169205e-03
    9.590149e-03    -4.515648e-04
    1.019287e-02     2.177954e-04
    1.091003e-02     7.309914e-04
    1.171112e-02     1.139641e-03
    1.251984e-02     1.538277e-03
    1.328278e-02     2.017975e-03
    1.396179e-02     2.649307e-03
    1.456451e-02     3.372192e-03
    1.512909e-02     4.081726e-03
    1.571655e-02     4.673004e-03
    1.634216e-02     5.058289e-03
    1.701355e-02     5.310059e-03
    1.766968e-02     5.550385e-03
    1.831055e-02     5.912781e-03
    1.885986e-02     6.519318e-03
    1.934814e-02     7.324219e-03
    1.979065e-02     8.186340e-03
    2.020264e-02     8.964539e-03
    2.059937e-02     9.536743e-03
    2.102661e-02     9.918213e-03
    2.146912e-02     1.023102e-02
    2.198792e-02     1.060486e-02
    2.259827e-02     1.116943e-02
    2.331543e-02     1.192474e-02
    2.410889e-02     1.277924e-02
    2.500916e-02     1.361084e-02
    2.598572e-02     1.432800e-02
    2.705383e-02     1.490784e-02
    2.821350e-02     1.545715e-02
    2.944946e-02     1.606750e-02
    3.077698e-02     1.686096e-02
    3.219604e-02     1.785278e-02
    3.359985e-02     1.895142e-02
    3.500366e-02     2.003479e-02
    3.628540e-02     2.096558e-02
    3.744507e-02     2.171326e-02
    3.854370e-02     2.244568e-02
    3.964233e-02     2.331543e-02
    4.077148e-02     2.447510e-02
    4.196167e-02     2.601624e-02
    4.327393e-02     2.780151e-02
    4.470825e-02     2.960205e-02
    4.626465e-02     3.123474e-02
    4.797363e-02     3.256226e-02
    4.977417e-02     3.378296e-02
    5.163574e-02     3.503418e-02
    5.355835e-02     3.659058e-02
    5.548096e-02     3.854370e-02
    5.740356e-02     4.074097e-02
    5.932617e-02     4.293823e-02
    6.127930e-02     4.492188e-02
    6.323242e-02     4.644775e-02
    6.524658e-02     4.769897e-02
    6.732178e-02     4.895020e-02
    6.958008e-02     5.047607e-02
    7.196045e-02     5.258179e-02
    7.452393e-02     5.514526e-02
    7.714844e-02     5.780029e-02
    7.977295e-02     6.033325e-02
    8.233643e-02     6.237793e-02
    8.496094e-02     6.402588e-02
    8.764648e-02     6.573486e-02
    9.051514e-02     6.768799e-02
    9.368896e-02     7.031250e-02
    9.704590e-02     7.360840e-02
    1.005859e-01     7.708740e-02
    1.040649e-01     8.050537e-02
    1.073608e-01     8.349609e-02
    1.105347e-01     8.599854e-02
    1.137085e-01     8.825684e-02
    1.170654e-01     9.057617e-02
    1.207886e-01     9.320068e-02
    1.248779e-01     9.631348e-02
    1.292725e-01     9.979248e-02
    1.336670e-01     1.035156e-01
    1.380615e-01     1.073608e-01
    1.424561e-01     1.112061e-01
    1.467285e-01     1.151123e-01
    1.512451e-01     1.192017e-01
    1.561279e-01     1.233521e-01
    1.613770e-01     1.276855e-01
    1.669922e-01     1.319580e-01
    1.726074e-01     1.363525e-01
    1.781006e-01     1.403809e-01
    1.833496e-01     1.441650e-01
    1.884766e-01     1.479492e-01
    1.938477e-01     1.519775e-01
    1.994629e-01     1.563721e-01
    2.054443e-01     1.612549e-01
    2.120361e-01     1.666260e-01
    2.187500e-01     1.721191e-01
    2.254639e-01     1.776123e-01
    2.321777e-01     1.827393e-01
    2.390137e-01     1.878662e-01
    2.458496e-01     1.928711e-01
    2.531738e-01     1.983643e-01
    2.607422e-01     2.042236e-01
    2.687988e-01     2.104492e-01
    2.770996e-01     2.169189e-01
    2.854004e-01     2.232666e-01
    2.934570e-01     2.292480e-01
    3.015137e-01     2.351074e-01
    3.093262e-01     2.408447e-01
    3.176270e-01     2.468262e-01
    3.261719e-01     2.531738e-01
    3.349609e-01     2.600098e-01
    3.439941e-01     2.670898e-01
    3.532715e-01     2.744141e-01
    3.627930e-01     2.814941e-01
    3.723145e-01     2.885742e-01
    3.818359e-01     2.956543e-01
    3.918457e-01     3.027344e-01
    4.020996e-01     3.103027e-01
    4.125977e-01     3.181152e-01
    4.233398e-01     3.259277e-01
    4.340820e-01     3.337402e-01
    4.448242e-01     3.415527e-01
    4.553223e-01     3.491211e-01
    4.658203e-01     3.566895e-01
    4.763184e-01     3.642578e-01
    4.868164e-01     3.725586e-01
    4.973145e-01     3.811035e-01
    5.083008e-01     3.901367e-01
    5.195312e-01     3.991699e-01
    5.307617e-01     4.079590e-01
    5.424805e-01     4.165039e-01
    5.541992e-01     4.248047e-01
    5.664062e-01     4.331055e-01
    5.781250e-01     4.416504e-01
    5.903320e-01     4.501953e-01
    6.025391e-01     4.589844e-01
    6.142578e-01     4.680176e-01
    6.264648e-01     4.772949e-01
    6.381836e-01     4.868164e-01
    6.503906e-01     4.963379e-01
    6.621094e-01     5.058594e-01
    6.738281e-01     5.156250e-01
    6.850586e-01     5.249023e-01
    6.962891e-01     5.341797e-01
    7.070312e-01     5.434570e-01
    7.182617e-01     5.527344e-01
    7.299805e-01     5.625000e-01
    7.416992e-01     5.717773e-01
    7.539062e-01     5.815430e-01
    7.656250e-01     5.913086e-01
    7.773438e-01     6.010742e-01
    7.885742e-01     6.108398e-01
    7.993164e-01     6.206055e-01
    8.100586e-01     6.298828e-01
    8.208008e-01     6.396484e-01
    8.310547e-01     6.494141e-01
    8.413086e-01     6.586914e-01
    8.510742e-01     6.679688e-01
    8.603516e-01     6.772461e-01
    8.691406e-01     6.860352e-01
    8.779297e-01     6.953125e-01
    8.867188e-01     7.045898e-01
    8.955078e-01     7.138672e-01
    9.042969e-01     7.241211e-01
    9.130859e-01     7.338867e-01
    9.213867e-01     7.436523e-01
    9.291992e-01     7.524414e-01
    9.365234e-01     7.602539e-01
    9.433594e-01     7.680664e-01
    9.497070e-01     7.753906e-01
    9.560547e-01     7.836914e-01
    9.619141e-01     7.924805e-01
    9.677734e-01     8.022461e-01
    9.731445e-01     8.115234e-01
    9.775391e-01     8.203125e-01
    9.819336e-01     8.286133e-01
    9.853516e-01     8.359375e-01
    9.882812e-01     8.437500e-01
    9.912109e-01     8.510742e-01
    9.936523e-01     8.583984e-01
    9.960938e-01     8.662109e-01
    9.980469e-01     8.735352e-01
    9.995117e-01     8.803711e-01
    1.000000e+00     8.862305e-01
    1.000000e+00     8.920898e-01
    1.000000e+00     8.979492e-01
    9.990234e-01     9.038086e-01
    9.980469e-01     9.101562e-01
    9.965820e-01     9.169922e-01
    9.946289e-01     9.243164e-01
    9.921875e-01     9.301758e-01
    9.892578e-01     9.360352e-01
    9.858398e-01     9.404297e-01
    9.819336e-01     9.443359e-01
    9.770508e-01     9.487305e-01
    9.721680e-01     9.531250e-01
    9.663086e-01     9.575195e-01
    9.599609e-01     9.624023e-01
    9.536133e-01     9.667969e-01
    9.462891e-01     9.702148e-01
    9.389648e-01     9.731445e-01
    9.311523e-01     9.760742e-01
    9.228516e-01     9.785156e-01
    9.140625e-01     9.814453e-01
    9.047852e-01     9.848633e-01
    8.955078e-01     9.882812e-01
    8.857422e-01     9.912109e-01
    8.759766e-01     9.931641e-01
    8.657227e-01     9.941406e-01
    8.554688e-01     9.946289e-01
    8.442383e-01     9.951172e-01
    8.325195e-01     9.960938e-01
    8.203125e-01     9.970703e-01
    8.071289e-01     9.985352e-01
    7.939453e-01     9.995117e-01
    7.807617e-01     9.995117e-01
    7.670898e-01     9.990234e-01
    7.539062e-01     9.975586e-01
    7.407227e-01     9.956055e-01
    7.270508e-01     9.941406e-01
    7.128906e-01     9.936523e-01
    6.987305e-01     9.931641e-01
    6.850586e-01     9.921875e-01
    6.708984e-01     9.912109e-01
    6.572266e-01     9.887695e-01
    6.435547e-01     9.858398e-01
    6.293945e-01     9.824219e-01
    6.152344e-01     9.790039e-01
    6.000977e-01     9.760742e-01
    5.844727e-01     9.736328e-01
    5.688477e-01     9.711914e-01
    5.532227e-01     9.677734e-01
    5.385742e-01     9.633789e-01
    5.239258e-01     9.584961e-01
    5.097656e-01     9.531250e-01
    4.958496e-01     9.477539e-01
    4.814453e-01     9.433594e-01
    4.667969e-01     9.389648e-01
    4.521484e-01     9.350586e-01
    4.379883e-01     9.301758e-01
    4.245605e-01     9.248047e-01
    4.116211e-01     9.179688e-01
    3.994141e-01     9.111328e-01
    3.869629e-01     9.047852e-01
    3.742676e-01     8.984375e-01
    3.610840e-01     8.930664e-01
    3.479004e-01     8.876953e-01
    3.349609e-01     8.818359e-01
    3.222656e-01     8.750000e-01
    3.105469e-01     8.666992e-01
    2.993164e-01     8.583984e-01
    2.883301e-01     8.496094e-01
    2.775879e-01     8.413086e-01
    2.670898e-01     8.339844e-01
    2.570801e-01     8.271484e-01
    2.473145e-01     8.203125e-01
    2.380371e-01     8.129883e-01
    2.292480e-01     8.046875e-01
    2.209473e-01     7.954102e-01
    2.128906e-01     7.866211e-01
    2.049561e-01     7.773438e-01
    1.970215e-01     7.685547e-01
    1.893311e-01     7.602539e-01
    1.818848e-01     7.519531e-01
    1.748047e-01     7.431641e-01
    1.682129e-01     7.343750e-01
    1.621094e-01     7.255859e-01
    1.563721e-01     7.158203e-01
    1.510010e-01     7.065430e-01
    1.459961e-01     6.972656e-01
    1.412354e-01     6.879883e-01
    1.368408e-01     6.782227e-01
    1.326904e-01     6.689453e-01
    1.289062e-01     6.591797e-01
    1.254883e-01     6.499023e-01
    1.223145e-01     6.401367e-01
    1.195068e-01     6.308594e-01
    1.170044e-01     6.210938e-01
    1.148071e-01     6.118164e-01
    1.128540e-01     6.020508e-01
    1.110840e-01     5.922852e-01
    1.094971e-01     5.825195e-01
    1.080933e-01     5.727539e-01
    1.069336e-01     5.629883e-01
    1.061401e-01     5.527344e-01
    1.058350e-01     5.424805e-01
    1.058960e-01     5.327148e-01
    1.062622e-01     5.224609e-01
    1.067505e-01     5.122070e-01
    1.071777e-01     5.014648e-01
    1.074829e-01     4.912109e-01
    1.079102e-01     4.809570e-01
    1.085205e-01     4.709473e-01
    1.095581e-01     4.611816e-01
    1.109619e-01     4.516602e-01
    1.126709e-01     4.423828e-01
    1.145630e-01     4.333496e-01
    1.163330e-01     4.240723e-01
    1.179810e-01     4.147949e-01
    1.196289e-01     4.050293e-01
    1.213989e-01     3.952637e-01
    1.234741e-01     3.852539e-01
    1.258545e-01     3.750000e-01
    1.285400e-01     3.649902e-01
    1.311035e-01     3.549805e-01
    1.335449e-01     3.452148e-01
    1.357422e-01     3.361816e-01
    1.376953e-01     3.271484e-01
    1.396484e-01     3.183594e-01
    1.418457e-01     3.090820e-01
    1.445312e-01     2.998047e-01
    1.474609e-01     2.902832e-01
    1.506348e-01     2.807617e-01
    1.535645e-01     2.714844e-01
    1.561279e-01     2.629395e-01
    1.585693e-01     2.543945e-01
    1.607666e-01     2.463379e-01
    1.630859e-01     2.379150e-01
    1.654053e-01     2.292480e-01
    1.679688e-01     2.202148e-01
    1.704102e-01     2.110596e-01
    1.727295e-01     2.022705e-01
    1.748047e-01     1.939697e-01
    1.766357e-01     1.862793e-01
    1.784668e-01     1.787109e-01
    1.801758e-01     1.712646e-01
    1.821289e-01     1.636963e-01
    1.840820e-01     1.560059e-01
    1.862793e-01     1.481934e-01
    1.882324e-01     1.405029e-01
    1.899414e-01     1.330566e-01
    1.912842e-01     1.259766e-01
    1.926270e-01     1.189575e-01
    1.937256e-01     1.120605e-01
    1.949463e-01     1.051025e-01
    1.961670e-01     9.802246e-02
    1.975098e-01     9.088135e-02
    1.986084e-01     8.380127e-02
    1.995850e-01     7.690430e-02
    2.001953e-01     7.012939e-02
    2.006836e-01     6.353760e-02
    2.011719e-01     5.718994e-02
    2.015381e-01     5.102539e-02
    2.019043e-01     4.501343e-02
    2.023926e-01     3.915405e-02
    2.026367e-01     3.338623e-02
    2.027588e-01     2.767944e-02
    2.027588e-01     2.197266e-02
    2.026367e-01     1.628113e-02
    2.023926e-01     1.056671e-02
    2.020264e-01     4.829407e-03
    2.016602e-01    -9.202957e-04
    2.012939e-01    -6.576538e-03
    2.006836e-01    -1.200104e-02
    2.000732e-01    -1.704407e-02
    1.993408e-01    -2.162170e-02
    1.984863e-01    -2.581787e-02
    1.976318e-01    -2.983093e-02
    1.966553e-01    -3.384399e-02
    1.958008e-01    -3.805542e-02
    1.949463e-01    -4.235840e-02
    1.940918e-01    -4.663086e-02
    1.929932e-01    -5.065918e-02
    1.916504e-01    -5.432129e-02
    1.901855e-01    -5.764771e-02
    1.885986e-01    -6.082153e-02
    1.870117e-01    -6.408691e-02
    1.855469e-01    -6.762695e-02
    1.842041e-01    -7.141113e-02
    1.828613e-01    -7.519531e-02
    1.815186e-01    -7.873535e-02
    1.800537e-01    -8.178711e-02
    1.784668e-01    -8.435059e-02
    1.767578e-01    -8.654785e-02
    1.750488e-01    -8.856201e-02
    1.733398e-01    -9.063721e-02
    1.716309e-01    -9.283447e-02
    1.699219e-01    -9.509277e-02
    1.682129e-01    -9.722900e-02
    1.662598e-01    -9.912109e-02
    1.641846e-01    -1.008301e-01
    1.619873e-01    -1.024170e-01
    1.599121e-01    -1.041260e-01
    1.579590e-01    -1.060181e-01
    1.562500e-01    -1.081543e-01
    1.545410e-01    -1.103516e-01
    1.529541e-01    -1.123047e-01
    1.511230e-01    -1.137695e-01
    1.491699e-01    -1.145020e-01
    1.472168e-01    -1.147461e-01
    1.452637e-01    -1.149292e-01
    1.433105e-01    -1.152954e-01
    1.416016e-01    -1.161499e-01
    1.400146e-01    -1.173096e-01
    1.384277e-01    -1.185303e-01
    1.365967e-01    -1.195679e-01
    1.346436e-01    -1.203003e-01
    1.325684e-01    -1.206055e-01
    1.304932e-01    -1.207886e-01
    1.284180e-01    -1.207886e-01
    1.267090e-01    -1.207886e-01
    1.251221e-01    -1.208496e-01
    1.235352e-01    -1.207886e-01
    1.219482e-01    -1.205444e-01
    1.201782e-01    -1.201782e-01
    1.182861e-01    -1.196289e-01
    1.163940e-01    -1.190796e-01
    1.145630e-01    -1.187744e-01
    1.128540e-01    -1.187744e-01
    1.113281e-01    -1.190796e-01
    1.098633e-01    -1.193237e-01
    1.084595e-01    -1.192017e-01
    1.069336e-01    -1.184692e-01
    1.053467e-01    -1.171265e-01
    1.036987e-01    -1.154175e-01
    1.021118e-01    -1.138306e-01
    1.004639e-01    -1.126099e-01
    9.893799e-02    -1.118164e-01
    9.741211e-02    -1.112061e-01
    9.594727e-02    -1.104126e-01
    9.448242e-02    -1.091919e-01
    9.301758e-02    -1.074829e-01
    9.161377e-02    -1.054688e-01
    9.027100e-02    -1.035156e-01
    8.905029e-02    -1.019287e-01
    8.782959e-02    -1.008301e-01
    8.666992e-02    -1.000366e-01
    8.544922e-02    -9.918213e-02
    8.416748e-02    -9.802246e-02
    8.270264e-02    -9.631348e-02
    8.123779e-02    -9.429932e-02
    7.971191e-02    -9.210205e-02
    7.830811e-02    -9.008789e-02
    7.702637e-02    -8.825684e-02
    7.586670e-02    -8.654785e-02
    7.489014e-02    -8.489990e-02
    7.391357e-02    -8.306885e-02
    7.299805e-02    -8.099365e-02
    7.214355e-02    -7.873535e-02
    7.128906e-02    -7.641602e-02
    7.043457e-02    -7.421875e-02
    6.951904e-02    -7.220459e-02
    6.860352e-02    -7.031250e-02
    6.768799e-02    -6.848145e-02
    6.671143e-02    -6.646729e-02
    6.567383e-02    -6.420898e-02
    6.457520e-02    -6.167603e-02
    6.353760e-02    -5.902100e-02
    6.250000e-02    -5.633545e-02
    6.158447e-02    -5.371094e-02
    6.072998e-02    -5.123901e-02
    5.990601e-02    -4.885864e-02
    5.914307e-02    -4.660034e-02
    5.834961e-02    -4.443359e-02
    5.758667e-02    -4.232788e-02
    5.688477e-02    -4.025269e-02
    5.621338e-02    -3.811646e-02
    5.563354e-02    -3.591919e-02
    5.514526e-02    -3.359985e-02
    5.471802e-02    -3.121948e-02
    5.429077e-02    -2.876282e-02
    5.389404e-02    -2.629089e-02
    5.343628e-02    -2.378845e-02
    5.297852e-02    -2.130127e-02
    5.245972e-02    -1.884460e-02
    5.194092e-02    -1.643372e-02
    5.142212e-02    -1.405334e-02
    5.093384e-02    -1.163483e-02
    5.044556e-02    -9.094238e-03
    5.001831e-02    -6.347656e-03
    4.968262e-02    -3.372192e-03
    4.937744e-02    -3.092289e-04
    4.907227e-02     2.674103e-03
    4.873657e-02     5.405426e-03
    4.837036e-02     7.781982e-03
    4.794312e-02     9.887695e-03
    4.754639e-02     1.185608e-02
    4.714966e-02     1.383209e-02
    4.678345e-02     1.591492e-02
    4.647827e-02     1.811218e-02
    4.623413e-02     2.044678e-02
    4.602051e-02     2.285767e-02
    4.583740e-02     2.534485e-02
    4.568481e-02     2.786255e-02
    4.556274e-02     3.039551e-02
    4.544067e-02     3.286743e-02
    4.525757e-02     3.527832e-02
    4.507446e-02     3.759766e-02
    4.489136e-02     3.985596e-02
    4.470825e-02     4.202271e-02
    4.452515e-02     4.415894e-02
    4.440308e-02     4.620361e-02
    4.431152e-02     4.821777e-02
    4.428101e-02     5.017090e-02
    4.428101e-02     5.215454e-02
    4.431152e-02     5.410767e-02
    4.440308e-02     5.615234e-02
    4.446411e-02     5.834961e-02
    4.449463e-02     6.072998e-02
    4.455566e-02     6.323242e-02
    4.455566e-02     6.561279e-02
    4.458618e-02     6.774902e-02
    4.464722e-02     6.933594e-02
    4.473877e-02     7.043457e-02
    4.479980e-02     7.141113e-02
    4.486084e-02     7.244873e-02
    4.492188e-02     7.403564e-02
    4.495239e-02     7.617188e-02
    4.495239e-02     7.855225e-02
    4.501343e-02     8.099365e-02
    4.507446e-02     8.306885e-02
    4.519653e-02     8.459473e-02
    4.534912e-02     8.575439e-02
    4.550171e-02     8.666992e-02
    4.565430e-02     8.752441e-02
    4.574585e-02     8.843994e-02
    4.580688e-02     8.947754e-02
    4.586792e-02     9.051514e-02
    4.589844e-02     9.155273e-02
    4.592896e-02     9.259033e-02
    4.598999e-02     9.368896e-02
    4.602051e-02     9.472656e-02
    4.608154e-02     9.576416e-02
    4.611206e-02     9.680176e-02
    4.617310e-02     9.783936e-02
    4.623413e-02     9.875488e-02
    4.623413e-02     9.954834e-02
    4.623413e-02     1.001587e-01
    4.617310e-02     1.006470e-01
    4.611206e-02     1.010742e-01
    4.605103e-02     1.015015e-01
    4.598999e-02     1.020508e-01
    4.598999e-02     1.026611e-01
    4.592896e-02     1.031494e-01
    4.583740e-02     1.034546e-01
    4.565430e-02     1.033936e-01
    4.541016e-02     1.031494e-01
    4.510498e-02     1.028442e-01
    4.483032e-02     1.026611e-01
    4.458618e-02     1.028442e-01
    4.440308e-02     1.033936e-01
    4.421997e-02     1.040649e-01
    4.403687e-02     1.046143e-01
    4.385376e-02     1.048584e-01
    4.360962e-02     1.047974e-01
    4.333496e-02     1.044312e-01
    4.306030e-02     1.039429e-01
    4.278564e-02     1.034546e-01
    4.254150e-02     1.029663e-01
    4.232788e-02     1.025391e-01
    4.208374e-02     1.020508e-01
    4.183960e-02     1.015625e-01
    4.156494e-02     1.010132e-01
    4.132080e-02     1.004028e-01
    4.104614e-02     9.985352e-02
    4.077148e-02     9.930420e-02
    4.052734e-02     9.875488e-02
    4.025269e-02     9.814453e-02
    4.000854e-02     9.741211e-02
    3.973389e-02     9.643555e-02
    3.942871e-02     9.515381e-02
    3.912354e-02     9.368896e-02
    3.878784e-02     9.222412e-02
    3.842163e-02     9.088135e-02
    3.802490e-02     8.984375e-02
    3.762817e-02     8.905029e-02
    3.720093e-02     8.825684e-02
    3.677368e-02     8.734131e-02
    3.637695e-02     8.612061e-02
    3.598022e-02     8.465576e-02
    3.549194e-02     8.319092e-02
    3.494263e-02     8.184814e-02
    3.427124e-02     8.074951e-02
    3.347778e-02     7.989502e-02
    3.265381e-02     7.910156e-02
    3.186035e-02     7.818604e-02
    3.117371e-02     7.702637e-02
    3.054810e-02     7.562256e-02
    2.995300e-02     7.403564e-02
    2.932739e-02     7.244873e-02
    2.861023e-02     7.086182e-02
    2.783203e-02     6.933594e-02
    2.706909e-02     6.781006e-02
    2.638245e-02     6.616211e-02
    2.584839e-02     6.445312e-02
    2.548218e-02     6.262207e-02
    2.520752e-02     6.079102e-02
    2.493286e-02     5.908203e-02
    2.456665e-02     5.761719e-02
    2.410889e-02     5.639648e-02
    2.360535e-02     5.529785e-02
    2.311707e-02     5.416870e-02
    2.273560e-02     5.282593e-02
    2.246094e-02     5.120850e-02
    2.223206e-02     4.940796e-02
    2.195740e-02     4.757690e-02
    2.154541e-02     4.577637e-02
    2.098083e-02     4.409790e-02
    2.032471e-02     4.251099e-02
    1.968384e-02     4.098511e-02
    1.911926e-02     3.939819e-02
    1.870728e-02     3.778076e-02
    1.838684e-02     3.613281e-02
    1.802063e-02     3.451538e-02
    1.753235e-02     3.298950e-02
    1.684570e-02     3.155518e-02
    1.603699e-02     3.018188e-02
    1.524353e-02     2.867126e-02
    1.454926e-02     2.688599e-02
    1.406860e-02     2.478027e-02
    1.374054e-02     2.247620e-02
    1.345825e-02     2.029419e-02
    1.311493e-02     1.846313e-02
    1.262665e-02     1.724243e-02
    1.203156e-02     1.647949e-02
    1.143646e-02     1.585388e-02
    1.094055e-02     1.506805e-02
    1.065063e-02     1.381683e-02
    1.052856e-02     1.212311e-02
    1.046753e-02     1.017761e-02
    1.036072e-02     8.163452e-03
    1.011658e-02     6.267548e-03
    9.742737e-03     4.554749e-03
    9.338379e-03     3.000259e-03
    9.017944e-03     1.572609e-03
    8.872986e-03     2.408028e-04
    8.911133e-03    -1.021385e-03
    9.010315e-03    -2.237320e-03
    9.071350e-03    -3.433228e-03
    8.964539e-03    -4.631042e-03
    8.674622e-03    -5.836487e-03
    8.308411e-03    -7.038116e-03
    7.980347e-03    -8.224487e-03
    7.808685e-03    -9.368896e-03
    7.820129e-03    -1.047516e-02
    7.934570e-03    -1.152039e-02
    8.049011e-03    -1.248169e-02
    8.064270e-03    -1.335907e-02
    7.934570e-03    -1.416016e-02
    7.717133e-03    -1.493073e-02
    7.495880e-03    -1.573181e-02
    7.339478e-03    -1.663208e-02
    7.293701e-03    -1.765442e-02
    7.328033e-03    -1.875305e-02
    7.377625e-03    -1.985168e-02
    7.400513e-03    -2.087402e-02
    7.347107e-03    -2.177429e-02
    7.255554e-03    -2.255249e-02
    7.160187e-03    -2.320862e-02
    7.106781e-03    -2.377319e-02
    7.125854e-03    -2.424622e-02
    7.198334e-03    -2.471924e-02
    7.282257e-03    -2.526855e-02
    7.347107e-03    -2.597046e-02
    7.354736e-03    -2.690125e-02
    7.324219e-03    -2.792358e-02
    7.286072e-03    -2.883911e-02
    7.278442e-03    -2.944946e-02
    7.335663e-03    -2.960205e-02
    7.446289e-03    -2.943420e-02
    7.591248e-03    -2.922058e-02
    7.740021e-03    -2.931213e-02
    7.865906e-03    -2.995300e-02
    7.972717e-03    -3.106689e-02
    8.064270e-03    -3.228760e-02
    8.132935e-03    -3.323364e-02
    8.201599e-03    -3.356934e-02
    8.277893e-03    -3.329468e-02
    8.354187e-03    -3.274536e-02
    8.460999e-03    -3.228760e-02
    8.598328e-03    -3.228760e-02
    8.758545e-03    -3.280640e-02
    8.934021e-03    -3.353882e-02
    9.109497e-03    -3.421021e-02
    9.254456e-03    -3.454590e-02
    9.384155e-03    -3.442383e-02
    9.521484e-03    -3.405762e-02
    9.689331e-03    -3.369141e-02
    9.918213e-03    -3.347778e-02
    1.021576e-02    -3.356934e-02
    1.054382e-02    -3.381348e-02
    1.086426e-02    -3.402710e-02
    1.113129e-02    -3.405762e-02
    1.132202e-02    -3.381348e-02
    1.146698e-02    -3.341675e-02
    1.160431e-02    -3.308105e-02
    1.177216e-02    -3.289795e-02
    1.198578e-02    -3.305054e-02
    1.224518e-02    -3.335571e-02
    1.251984e-02    -3.359985e-02
    1.280212e-02    -3.359985e-02
    1.306152e-02    -3.317261e-02
    1.332092e-02    -3.253174e-02
    1.360321e-02    -3.182983e-02
    1.392365e-02    -3.137207e-02
    1.429749e-02    -3.131104e-02
    1.470184e-02    -3.152466e-02
    1.509857e-02    -3.170776e-02
    1.544189e-02    -3.164673e-02
    1.568604e-02    -3.114319e-02
    1.588440e-02    -3.025818e-02
    1.609802e-02    -2.929688e-02
    1.637268e-02    -2.854919e-02
    1.676941e-02    -2.827454e-02
    1.727295e-02    -2.839661e-02
    1.780701e-02    -2.862549e-02
    1.829529e-02    -2.868652e-02
    1.869202e-02    -2.832031e-02
    1.898193e-02    -2.752686e-02
    1.922607e-02    -2.656555e-02
    1.948547e-02    -2.568054e-02
    1.982117e-02    -2.513123e-02
    2.024841e-02    -2.496338e-02
    2.069092e-02    -2.505493e-02
    2.113342e-02    -2.520752e-02
    2.149963e-02    -2.529907e-02
    2.178955e-02    -2.525330e-02
    2.203369e-02    -2.508545e-02
    2.226257e-02    -2.481079e-02
    2.250671e-02    -2.447510e-02
    2.279663e-02    -2.410889e-02
    2.308655e-02    -2.365112e-02
    2.339172e-02    -2.310181e-02
    2.366638e-02    -2.244568e-02
    2.389526e-02    -2.168274e-02
    2.407837e-02    -2.096558e-02
    2.424622e-02    -2.043152e-02
    2.436829e-02    -2.024841e-02
    2.447510e-02    -2.046204e-02
    2.456665e-02    -2.087402e-02
    2.465820e-02    -2.122498e-02
    2.473450e-02    -2.124023e-02
    2.484131e-02    -2.078247e-02
    2.494812e-02    -1.997375e-02
    2.502441e-02    -1.904297e-02
    2.507019e-02    -1.826477e-02
    2.507019e-02    -1.779175e-02
    2.503967e-02    -1.760864e-02
    2.499390e-02    -1.759338e-02
    2.494812e-02    -1.763916e-02
    2.494812e-02    -1.763916e-02
    2.494812e-02    -1.757812e-02
    2.494812e-02    -1.744080e-02
    2.490234e-02    -1.727295e-02
    2.479553e-02    -1.707458e-02
    2.464294e-02    -1.686096e-02
    2.447510e-02    -1.666260e-02
    2.432251e-02    -1.651001e-02
    2.424622e-02    -1.643372e-02
    2.421570e-02    -1.641846e-02
    2.420044e-02    -1.646423e-02
    2.413940e-02    -1.652527e-02
    2.400208e-02    -1.660156e-02
    2.378845e-02    -1.666260e-02
    2.352905e-02    -1.669312e-02
    2.331543e-02    -1.667786e-02
    2.316284e-02    -1.661682e-02
    2.307129e-02    -1.651001e-02
    2.299500e-02    -1.643372e-02
    2.287292e-02    -1.641846e-02
    2.262878e-02    -1.652527e-02
    2.226257e-02    -1.676941e-02
    2.183533e-02    -1.701355e-02
    2.143860e-02    -1.719666e-02
    2.114868e-02    -1.719666e-02
    2.098083e-02    -1.698303e-02
    2.087402e-02    -1.667786e-02
    2.070618e-02    -1.641846e-02
    2.038574e-02    -1.634216e-02
    1.985168e-02    -1.655579e-02
    1.919556e-02    -1.693726e-02
    1.850891e-02    -1.739502e-02
    1.788330e-02    -1.780701e-02
    1.739502e-02    -1.808167e-02
    1.698303e-02    -1.828003e-02
    1.654053e-02    -1.843262e-02
    1.599121e-02    -1.863098e-02
    1.526642e-02    -1.890564e-02
    1.441193e-02    -1.924133e-02
    1.354980e-02    -1.959229e-02
    1.277924e-02    -1.989746e-02
    1.219177e-02    -2.011108e-02
    1.172638e-02    -2.024841e-02
    1.129913e-02    -2.030945e-02
    1.079559e-02    -2.030945e-02
    1.014709e-02    -2.027893e-02
    9.368896e-03    -2.023315e-02
    8.567810e-03    -2.021790e-02
    7.812500e-03    -2.029419e-02
    7.198334e-03    -2.049255e-02
    6.717682e-03    -2.078247e-02
    6.298065e-03    -2.114868e-02
    5.878448e-03    -2.153015e-02
    5.390167e-03    -2.188110e-02
    4.840851e-03    -2.218628e-02
    4.287720e-03    -2.246094e-02
    3.795624e-03    -2.272034e-02
    3.423691e-03    -2.297974e-02
    3.170013e-03    -2.325439e-02
    2.967834e-03    -2.348328e-02
    2.740860e-03    -2.363586e-02
    2.422333e-03    -2.368164e-02
    1.983643e-03    -2.363586e-02
    1.476288e-03    -2.354431e-02
    9.465218e-04    -2.349854e-02
    4.477501e-04    -2.352905e-02
   -1.788139e-07    -2.369690e-02
   -4.332066e-04    -2.398682e-02
   -8.931160e-04    -2.439880e-02
   -1.420975e-03    -2.491760e-02
   -2.033234e-03    -2.549744e-02
   -2.685547e-03    -2.606201e-02
   -3.320694e-03    -2.648926e-02
   -3.885269e-03    -2.665710e-02
   -4.348755e-03    -2.651978e-02
   -4.772186e-03    -2.621460e-02
   -5.226135e-03    -2.592468e-02
   -5.790710e-03    -2.581787e-02
   -6.504059e-03    -2.603149e-02
   -7.297516e-03    -2.645874e-02
   -8.056641e-03    -2.699280e-02
   -8.682251e-03    -2.748108e-02
   -9.094238e-03    -2.781677e-02
   -9.346008e-03    -2.798462e-02
   -9.559631e-03    -2.803040e-02
   -9.849548e-03    -2.798462e-02
   -1.030731e-02    -2.789307e-02
   -1.088715e-02    -2.775574e-02
   -1.147461e-02    -2.758789e-02
   -1.197052e-02    -2.742004e-02
   -1.226807e-02    -2.725220e-02
   -1.239014e-02    -2.714539e-02
   -1.244354e-02    -2.716064e-02
   -1.251221e-02    -2.734375e-02
   -1.271057e-02    -2.778625e-02
   -1.302338e-02    -2.838135e-02
   -1.336670e-02    -2.894592e-02
   -1.366425e-02    -2.926636e-02
   -1.382446e-02    -2.914429e-02
   -1.384735e-02    -2.864075e-02
   -1.379395e-02    -2.796936e-02
   -1.372528e-02    -2.740479e-02
   -1.371765e-02    -2.719116e-02
   -1.378632e-02    -2.737427e-02
   -1.388550e-02    -2.772522e-02
   -1.398468e-02    -2.798462e-02
   -1.403046e-02    -2.790833e-02
   -1.400757e-02    -2.742004e-02
   -1.393890e-02    -2.674866e-02
   -1.383209e-02    -2.610779e-02
   -1.372528e-02    -2.574158e-02
   -1.361847e-02    -2.577209e-02
   -1.351166e-02    -2.601624e-02
   -1.338959e-02    -2.626038e-02
   -1.324463e-02    -2.630615e-02
   -1.306915e-02    -2.601624e-02
   -1.286316e-02    -2.549744e-02
   -1.264191e-02    -2.488708e-02
   -1.240540e-02    -2.432251e-02
   -1.216125e-02    -2.391052e-02
   -1.190186e-02    -2.362061e-02
   -1.160431e-02    -2.339172e-02
   -1.126862e-02    -2.317810e-02
   -1.087952e-02    -2.291870e-02
   -1.045227e-02    -2.261353e-02
   -1.000214e-02    -2.232361e-02
   -9.544373e-03    -2.207947e-02
   -9.101868e-03    -2.188110e-02
   -8.666992e-03    -2.172852e-02
   -8.224487e-03    -2.156067e-02
   -7.759094e-03    -2.136230e-02
   -7.266998e-03    -2.108765e-02
   -6.736755e-03    -2.073669e-02
   -6.179810e-03    -2.038574e-02
   -5.596161e-03    -2.008057e-02
   -4.989624e-03    -1.985168e-02
   -4.383087e-03    -1.969910e-02
   -3.807068e-03    -1.954651e-02
   -3.286362e-03    -1.934814e-02
   -2.851486e-03    -1.899719e-02
   -2.492905e-03    -1.853943e-02
   -2.172470e-03    -1.802063e-02
   -1.850128e-03    -1.748657e-02
   -1.484871e-03    -1.699829e-02
   -1.064301e-03    -1.660156e-02
   -6.108284e-04    -1.626587e-02
   -1.484156e-04    -1.596069e-02
    3.001690e-04    -1.570129e-02
    7.224083e-04    -1.544189e-02
    1.122475e-03    -1.517487e-02
    1.505852e-03    -1.486969e-02
    1.877785e-03    -1.451111e-02
    2.248764e-03    -1.409149e-02
    2.635956e-03    -1.364899e-02
    3.063202e-03    -1.319885e-02
    3.545761e-03    -1.277924e-02
    4.096985e-03    -1.240540e-02
    4.695892e-03    -1.203918e-02
    5.325317e-03    -1.164246e-02
    5.958557e-03    -1.116943e-02
    6.587982e-03    -1.060486e-02
    7.213593e-03    -1.000214e-02
    7.850647e-03    -9.429932e-03
    8.499146e-03    -8.941650e-03
    9.170532e-03    -8.598328e-03
    9.849548e-03    -8.361816e-03
    1.051331e-02    -8.178711e-03
    1.113129e-02    -8.010864e-03
    1.168060e-02    -7.801056e-03
    1.217651e-02    -7.549286e-03
    1.262665e-02    -7.266998e-03
    1.303864e-02    -6.961823e-03
    1.342773e-02    -6.645203e-03
    1.380920e-02    -6.359100e-03
    1.419067e-02    -6.145477e-03
    1.457214e-02    -6.053925e-03
    1.498413e-02    -6.122589e-03
    1.539612e-02    -6.305695e-03
    1.579285e-02    -6.496429e-03
    1.614380e-02    -6.595612e-03
    1.643372e-02    -6.500244e-03
    1.666260e-02    -6.221771e-03
    1.686096e-02    -5.870819e-03
    1.701355e-02    -5.542755e-03
    1.713562e-02    -5.344391e-03
    1.727295e-02    -5.313873e-03
    1.737976e-02    -5.420685e-03
    1.748657e-02    -5.634308e-03
    1.757812e-02    -5.912781e-03
    1.765442e-02    -6.217957e-03
    1.771545e-02    -6.481171e-03
    1.774597e-02    -6.637573e-03
    1.776123e-02    -6.618500e-03
    1.774597e-02    -6.431580e-03
    1.773071e-02    -6.195068e-03
    1.771545e-02    -6.042480e-03
    1.773071e-02    -6.103516e-03
    1.774597e-02    -6.435394e-03
    1.777649e-02    -6.923676e-03
    1.776123e-02    -7.434845e-03
    1.768494e-02    -7.827759e-03
    1.753235e-02    -8.026123e-03
    1.733398e-02    -8.132935e-03
    1.712036e-02    -8.293152e-03
    1.695251e-02    -8.651733e-03
    1.683044e-02    -9.269714e-03
    1.673889e-02    -1.003265e-02
    1.661682e-02    -1.072693e-02
    1.644897e-02    -1.117706e-02
    1.617432e-02    -1.123810e-02
    1.582336e-02    -1.105499e-02
    1.541901e-02    -1.087189e-02
    1.498413e-02    -1.093292e-02
    1.456451e-02    -1.144409e-02
    1.412964e-02    -1.232147e-02
    1.366425e-02    -1.333618e-02
    1.313019e-02    -1.428986e-02
    1.251221e-02    -1.498413e-02
    1.181793e-02    -1.544189e-02
    1.110840e-02    -1.580811e-02
    1.041412e-02    -1.622009e-02
    9.780884e-03    -1.684570e-02
    9.193420e-03    -1.763916e-02
    8.598328e-03    -1.850891e-02
    7.926941e-03    -1.933289e-02
    7.125854e-03    -2.001953e-02
    6.221771e-03    -2.050781e-02
    5.306244e-03    -2.088928e-02
    4.482269e-03    -2.122498e-02
    3.847122e-03    -2.154541e-02
    3.410339e-03    -2.191162e-02
    3.076553e-03    -2.233887e-02
    2.742767e-03    -2.282715e-02
    2.309799e-03    -2.340698e-02
    1.744270e-03    -2.406311e-02
    1.126289e-03    -2.479553e-02
    5.469322e-04    -2.554321e-02
    9.244680e-05    -2.630615e-02
   -2.062321e-04    -2.703857e-02
   -4.363060e-04    -2.772522e-02
   -6.990433e-04    -2.835083e-02
   -1.095772e-03    -2.888489e-02
   -1.682281e-03    -2.931213e-02
   -2.389908e-03    -2.972412e-02
   -3.133774e-03    -3.018188e-02
   -3.826141e-03    -3.077698e-02
   -4.405975e-03    -3.152466e-02
   -4.920959e-03    -3.240967e-02
   -5.432129e-03    -3.338623e-02
   -6.008148e-03    -3.439331e-02
   -6.690979e-03    -3.536987e-02
   -7.446289e-03    -3.622437e-02
   -8.224487e-03    -3.686523e-02
   -8.956909e-03    -3.720093e-02
   -9.613037e-03    -3.720093e-02
   -1.019287e-02    -3.695679e-02
   -1.074219e-02    -3.677368e-02
   -1.129150e-02    -3.683472e-02
   -1.187897e-02    -3.735352e-02
   -1.248169e-02    -3.820801e-02
   -1.308441e-02    -3.918457e-02
   -1.363373e-02    -3.997803e-02
   -1.410675e-02    -4.037476e-02
   -1.450348e-02    -4.043579e-02
   -1.483917e-02    -4.037476e-02
   -1.513672e-02    -4.040527e-02
   -1.541901e-02    -4.074097e-02
   -1.567078e-02    -4.138184e-02
   -1.591492e-02    -4.214478e-02
   -1.609802e-02    -4.281616e-02
   -1.623535e-02    -4.324341e-02
   -1.631165e-02    -4.339600e-02
   -1.634216e-02    -4.342651e-02
   -1.637268e-02    -4.348755e-02
   -1.640320e-02    -4.376221e-02
   -1.644897e-02    -4.428101e-02
   -1.649475e-02    -4.489136e-02
   -1.652527e-02    -4.547119e-02
   -1.654053e-02    -4.580688e-02
   -1.652527e-02    -4.589844e-02
   -1.647949e-02    -4.577637e-02
   -1.641846e-02    -4.562378e-02
   -1.632690e-02    -4.556274e-02
   -1.622009e-02    -4.565430e-02
   -1.609802e-02    -4.577637e-02
   -1.594543e-02    -4.586792e-02
   -1.577759e-02    -4.583740e-02
   -1.559448e-02    -4.556274e-02
   -1.536560e-02    -4.522705e-02
   -1.506042e-02    -4.489136e-02
   -1.467133e-02    -4.473877e-02
   -1.419067e-02    -4.486084e-02
   -1.370239e-02    -4.513550e-02
   -1.332092e-02    -4.541016e-02
   -1.314545e-02    -4.556274e-02
    0.000000e+00     0.000000e+00
    0.000000e+00     0.000000e+00
    0.000000e+00     0.000000e+00
    0.000000e+00     0.000000e+00
    0.000000e+00     0.000000e+00
    0.000000e+00     0.000000e+00
    0.000000e+00     0.000000e+00
    0.000000e+00     0.000000e+00
    0.000000e+00     0.000000e+00
    0.000000e+00     0.000000e+00
    0.000000e+00     0.000000e+00
    0.000000e+00     0.000000e+00
    0.000000e+00     0.000000e+00
    0.000000e+00     0.000000e+00
    0.000000e+00     0.000000e+00
    0.000000e+00     0.000000e+00
    0.000000e+00     0.000000e+00
    0.000000e+00     0.000000e+00
    0.000000e+00     0.000000e+00
    0.000000e+00     0.000000e+00
    0.000000e+00     0.000000e+00
    0.000000e+00     0.000000e+00
    0.000000e+00     0.000000e+00
    0.000000e+00     0.000000e+00
    0.000000e+00     0.000000e+00
    0.000000e+00     0.000000e+00
    0.000000e+00     0.000000e+00
    0.000000e+00     0.000000e+00
    0.000000e+00     0.000000e+00
    0.000000e+00     0.000000e+00
    0.000000e+00     0.000000e+00
    0.000000e+00     0.000000e+00
    0.000000e+00     0.000000e+00
    0.000000e+00     0.000000e+00
    0.000000e+00     0.000000e+00
    0.000000e+00     0.000000e+00
    0.000000e+00     0.000000e+00
    0.000000e+00     0.000000e+00
    0.000000e+00     0.000000e+00
    0.000000e+00     0.000000e+00
    0.000000e+00     0.000000e+00
    0.000000e+00     0.000000e+00
    0.000000e+00     0.000000e+00
    0.000000e+00     0.000000e+00
    0.000000e+00     0.000000e+00
    0.000000e+00     0.000000e+00
    0.000000e+00     0.000000e+00
    0.000000e+00     0.000000e+00
    0.000000e+00     0.000000e+00
    0.000000e+00     0.000000e+00
    0.000000e+00     0.000000e+00
    0.000000e+00     0.000000e+00
    0.000000e+00     0.000000e+00
    0.000000e+00     0.000000e+00
    0.000000e+00     0.000000e+00
    0.000000e+00     0.000000e+00
    0.000000e+00     0.000000e+00
    0.000000e+00     0.000000e+00
    0.000000e+00     0.000000e+00
    0.000000e+00     0.000000e+00
    0.000000e+00     0.000000e+00
    0.000000e+00     0.000000e+00
    0.000000e+00     0.000000e+00
    0.000000e+00     0.000000e+00
    0.000000e+00     0.000000e+00
    0.000000e+00     0.000000e+00
    0.000000e+00     0.000000e+00
    0.000000e+00     0.000000e+00
    0.000000e+00     0.000000e+00
    0.000000e+00     0.000000e+00
    0.000000e+00     0.000000e+00
    0.000000e+00     0.000000e+00
    0.000000e+00     0.000000e+00
    0.000000e+00     0.000000e+00
    0.000000e+00     0.000000e+00
    0.000000e+00     0.000000e+00
    0.000000e+00     0.000000e+00
    0.000000e+00     0.000000e+00
    0.000000e+00     0.000000e+00
    0.000000e+00     0.000000e+00
    0.000000e+00     0.000000e+00
    0.000000e+00     0.000000e+00
    0.000000e+00     0.000000e+00
    0.000000e+00     0.000000e+00
    0.000000e+00     0.000000e+00
    0.000000e+00     0.000000e+00
    0.000000e+00     0.000000e+00
    0.000000e+00     0.000000e+00
    0.000000e+00     0.000000e+00
    0.000000e+00     0.000000e+00
    0.000000e+00     0.000000e+00
    0.000000e+00     0.000000e+00
    0.000000e+00     0.000000e+00
    0.000000e+00     0.000000e+00
    0.000000e+00     0.000000e+00
    0.000000e+00     0.000000e+00
    0.000000e+00     0.000000e+00
    0.000000e+00     0.000000e+00
    0.000000e+00     0.000000e+00
    0.000000e+00     0.000000e+00
    0.000000e+00     0.000000e+00
    0.000000e+00     0.000000e+00
    0.000000e+00     0.000000e+00
    0.000000e+00     0.000000e+00
    0.000000e+00     0.000000e+00
    0.000000e+00     0.000000e+00
    0.000000e+00     0.000000e+00
    0.000000e+00     0.000000e+00
    0.000000e+00     0.000000e+00
    0.000000e+00     0.000000e+00
    0.000000e+00     0.000000e+00
    0.000000e+00     0.000000e+00
    0.000000e+00     0.000000e+00
    0.000000e+00     0.000000e+00
    0.000000e+00     0.000000e+00
    0.000000e+00     0.000000e+00
    0.000000e+00     0.000000e+00
    0.000000e+00     0.000000e+00
    0.000000e+00     0.000000e+00
    0.000000e+00     0.000000e+00
    0.000000e+00     0.000000e+00
    0.000000e+00     0.000000e+00
    0.000000e+00     0.000000e+00
    0.000000e+00     0.000000e+00
    0.000000e+00     0.000000e+00
    0.000000e+00     0.000000e+00
    0.000000e+00     0.000000e+00
    0.000000e+00     0.000000e+00
    0.000000e+00     0.000000e+00
    0.000000e+00     0.000000e+00
    0.000000e+00     0.000000e+00
    0.000000e+00     0.000000e+00
    0.000000e+00     0.000000e+00
    0.000000e+00     0.000000e+00
    0.000000e+00     0.000000e+00
    0.000000e+00     0.000000e+00
    0.000000e+00     0.000000e+00
    0.000000e+00     0.000000e+00
    0.000000e+00     0.000000e+00
    0.000000e+00     0.000000e+00
    0.000000e+00     0.000000e+00
    0.000000e+00     0.000000e+00
    0.000000e+00     0.000000e+00
    0.000000e+00     0.000000e+00
    0.000000e+00     0.000000e+00
    0.000000e+00     0.000000e+00
    0.000000e+00     0.000000e+00
    0.000000e+00     0.000000e+00
    0.000000e+00     0.000000e+00
    0.000000e+00     0.000000e+00
    0.000000e+00     0.000000e+00
    0.000000e+00     0.000000e+00
    0.000000e+00     0.000000e+00
    0.000000e+00     0.000000e+00
    0.000000e+00     0.000000e+00
    0.000000e+00     0.000000e+00
    0.000000e+00     0.000000e+00
    0.000000e+00     0.000000e+00
    0.000000e+00     0.000000e+00
    0.000000e+00     0.000000e+00
    0.000000e+00     0.000000e+00
    0.000000e+00     0.000000e+00
    0.000000e+00     0.000000e+00
    0.000000e+00     0.000000e+00
    0.000000e+00     0.000000e+00
    0.000000e+00     0.000000e+00
    0.000000e+00     0.000000e+00
    0.000000e+00     0.000000e+00
    0.000000e+00     0.000000e+00
    0.000000e+00     0.000000e+00
    0.000000e+00     0.000000e+00
    0.000000e+00     0.000000e+00
    0.000000e+00     0.000000e+00
    0.000000e+00     0.000000e+00
    0.000000e+00     0.000000e+00
    0.000000e+00     0.000000e+00
    0.000000e+00     0.000000e+00
    0.000000e+00     0.000000e+00
    0.000000e+00     0.000000e+00
    0.000000e+00     0.000000e+00
    0.000000e+00     0.000000e+00
    0.000000e+00     0.000000e+00
    0.000000e+00     0.000000e+00
    0.000000e+00     0.000000e+00
    0.000000e+00     0.000000e+00
    0.000000e+00     0.000000e+00
    0.000000e+00     0.000000e+00
    0.000000e+00     0.000000e+00
    0.000000e+00     0.000000e+00
    0.000000e+00     0.000000e+00
    0.000000e+00     0.000000e+00
    0.000000e+00     0.000000e+00
    0.000000e+00     0.000000e+00
    0.000000e+00     0.000000e+00
    0.000000e+00     0.000000e+00
    0.000000e+00     0.000000e+00
    0.000000e+00     0.000000e+00
    0.000000e+00     0.000000e+00
    0.000000e+00     0.000000e+00
    0.000000e+00     0.000000e+00
    0.000000e+00     0.000000e+00
    0.000000e+00     0.000000e+00
    0.000000e+00     0.000000e+00
    0.000000e+00     0.000000e+00
    0.000000e+00     0.000000e+00
    0.000000e+00     0.000000e+00
    0.000000e+00     0.000000e+00
    0.000000e+00     0.000000e+00
    0.000000e+00     0.000000e+00
    0.000000e+00     0.000000e+00
    0.000000e+00     0.000000e+00
    0.000000e+00     0.000000e+00
    0.000000e+00     0.000000e+00
    0.000000e+00     0.000000e+00
    0.000000e+00     0.000000e+00
    0.000000e+00     0.000000e+00
    0.000000e+00     0.000000e+00
    0.000000e+00     0.000000e+00
    0.000000e+00     0.000000e+00
    0.000000e+00     0.000000e+00
    0.000000e+00     0.000000e+00
    0.000000e+00     0.000000e+00
    0.000000e+00     0.000000e+00
    0.000000e+00     0.000000e+00
    0.000000e+00     0.000000e+00
    0.000000e+00     0.000000e+00
    0.000000e+00     0.000000e+00
    0.000000e+00     0.000000e+00
    0.000000e+00     0.000000e+00
    0.000000e+00     0.000000e+00
    0.000000e+00     0.000000e+00
    0.000000e+00     0.000000e+00
    0.000000e+00     0.000000e+00
    0.000000e+00     0.000000e+00
    0.000000e+00     0.000000e+00
    0.000000e+00     0.000000e+00
    0.000000e+00     0.000000e+00
    0.000000e+00     0.000000e+00
    0.000000e+00     0.000000e+00
    0.000000e+00     0.000000e+00
    0.000000e+00     0.000000e+00
    0.000000e+00     0.000000e+00
    0.000000e+00     0.000000e+00
    0.000000e+00     0.000000e+00
    0.000000e+00     0.000000e+00
    0.000000e+00     0.000000e+00
    0.000000e+00     0.000000e+00
    0.000000e+00     0.000000e+00
    0.000000e+00     0.000000e+00
    0.000000e+00     0.000000e+00
    0.000000e+00     0.000000e+00
    0.000000e+00     0.000000e+00
    0.000000e+00     0.000000e+00
    0.000000e+00     0.000000e+00
    0.000000e+00     0.000000e+00
    0.000000e+00     0.000000e+00
    0.000000e+00     0.000000e+00
    0.000000e+00     0.000000e+00
    0.000000e+00     0.000000e+00
    0.000000e+00     0.000000e+00
    0.000000e+00     0.000000e+00
    0.000000e+00     0.000000e+00
    0.000000e+00     0.000000e+00
    0.000000e+00     0.000000e+00
    0.000000e+00     0.000000e+00
    0.000000e+00     0.000000e+00
    0.000000e+00     0.000000e+00
    0.000000e+00     0.000000e+00
    0.000000e+00     0.000000e+00
    0.000000e+00     0.000000e+00
    0.000000e+00     0.000000e+00
    0.000000e+00     0.000000e+00
    0.000000e+00     0.000000e+00
    0.000000e+00     0.000000e+00
    0.000000e+00     0.000000e+00
    0.000000e+00     0.000000e+00
    0.000000e+00     0.000000e+00
    0.000000e+00     0.000000e+00
    0.000000e+00     0.000000e+00
    0.000000e+00     0.000000e+00
    0.000000e+00     0.000000e+00
    0.000000e+00     0.000000e+00
    0.000000e+00     0.000000e+00
    0.000000e+00     0.000000e+00
    0.000000e+00     0.000000e+00
    0.000000e+00     0.000000e+00
    0.000000e+00     0.000000e+00
    0.000000e+00     0.000000e+00
    0.000000e+00     0.000000e+00
    0.000000e+00     0.000000e+00
    0.000000e+00     0.000000e+00
    0.000000e+00     0.000000e+00
    0.000000e+00     0.000000e+00
    0.000000e+00     0.000000e+00
    0.000000e+00     0.000000e+00
    0.000000e+00     0.000000e+00
    0.000000e+00     0.000000e+00
    0.000000e+00     0.000000e+00
    0.000000e+00     0.000000e+00
    0.000000e+00     0.000000e+00
    0.000000e+00     0.000000e+00
    0.000000e+00     0.000000e+00
    0.000000e+00     0.000000e+00
    0.000000e+00     0.000000e+00
    0.000000e+00     0.000000e+00
    0.000000e+00     0.000000e+00
    0.000000e+00     0.000000e+00
    0.000000e+00     0.000000e+00
    0.000000e+00     0.000000e+00
    0.000000e+00     0.000000e+00
    0.000000e+00     0.000000e+00
    0.000000e+00     0.000000e+00
    0.000000e+00     0.000000e+00
    0.000000e+00     0.000000e+00
    0.000000e+00     0.000000e+00
    0.000000e+00     0.000000e+00
    0.000000e+00     0.000000e+00
    0.000000e+00     0.000000e+00
    0.000000e+00     0.000000e+00
    0.000000e+00     0.000000e+00
    0.000000e+00     0.000000e+00
    0.000000e+00     0.000000e+00
    0.000000e+00     0.000000e+00
    0.000000e+00     0.000000e+00
    0.000000e+00     0.000000e+00
    0.000000e+00     0.000000e+00
    0.000000e+00     0.000000e+00
    0.000000e+00     0.000000e+00
    0.000000e+00     0.000000e+00
    0.000000e+00     0.000000e+00
    0.000000e+00     0.000000e+00
    0.000000e+00     0.000000e+00
    0.000000e+00     0.000000e+00
    0.000000e+00     0.000000e+00
    0.000000e+00     0.000000e+00
    0.000000e+00     0.000000e+00
    0.000000e+00     0.000000e+00
    0.000000e+00     0.000000e+00
    0.000000e+00     0.000000e+00
    0.000000e+00     0.000000e+00
    0.000000e+00     0.000000e+00
    0.000000e+00     0.000000e+00
    0.000000e+00     0.000000e+00
    0.000000e+00     0.000000e+00
    0.000000e+00     0.000000e+00
    0.000000e+00     0.000000e+00
    0.000000e+00     0.000000e+00
    0.000000e+00     0.000000e+00
    0.000000e+00     0.000000e+00
    0.000000e+00     0.000000e+00
    0.000000e+00     0.000000e+00
    0.000000e+00     0.000000e+00
    0.000000e+00     0.000000e+00
    0.000000e+00     0.000000e+00
    0.000000e+00     0.000000e+00
    0.000000e+00     0.000000e+00
    0.000000e+00     0.000000e+00
    0.000000e+00     0.000000e+00
    0.000000e+00     0.000000e+00
    0.000000e+00     0.000000e+00
    0.000000e+00     0.000000e+00
    0.000000e+00     0.000000e+00
    0.000000e+00     0.000000e+00
    0.000000e+00     0.000000e+00
    0.000000e+00     0.000000e+00
    0.000000e+00     0.000000e+00
    0.000000e+00     0.000000e+00
    0.000000e+00     0.000000e+00
    0.000000e+00     0.000000e+00
    0.000000e+00     0.000000e+00
    0.000000e+00     0.000000e+00
    0.000000e+00     0.000000e+00
    0.000000e+00     0.000000e+00
    0.000000e+00     0.000000e+00
    0.000000e+00     0.000000e+00
    0.000000e+00     0.000000e+00
    0.000000e+00     0.000000e+00
    0.000000e+00     0.000000e+00
    0.000000e+00     0.000000e+00
    0.000000e+00     0.000000e+00
    0.000000e+00     0.000000e+00
    0.000000e+00     0.000000e+00
    0.000000e+00     0.000000e+00
    0.000000e+00     0.000000e+00
    0.000000e+00     0.000000e+00
    0.000000e+00     0.000000e+00
    0.000000e+00     0.000000e+00
    0.000000e+00     0.000000e+00
    0.000000e+00     0.000000e+00
    0.000000e+00     0.000000e+00
    0.000000e+00     0.000000e+00
    0.000000e+00     0.000000e+00
    0.000000e+00     0.000000e+00
    0.000000e+00     0.000000e+00
    0.000000e+00     0.000000e+00
    0.000000e+00     0.000000e+00
    0.000000e+00     0.000000e+00
    0.000000e+00     0.000000e+00
    0.000000e+00     0.000000e+00
    0.000000e+00     0.000000e+00
    0.000000e+00     0.000000e+00
    0.000000e+00     0.000000e+00
    0.000000e+00     0.000000e+00
    0.000000e+00     0.000000e+00
    0.000000e+00     0.000000e+00
    0.000000e+00     0.000000e+00
    0.000000e+00     0.000000e+00
    0.000000e+00     0.000000e+00
    0.000000e+00     0.000000e+00
    0.000000e+00     0.000000e+00
    0.000000e+00     0.000000e+00
    0.000000e+00     0.000000e+00
    0.000000e+00     0.000000e+00
    0.000000e+00     0.000000e+00
    0.000000e+00     0.000000e+00
    0.000000e+00     0.000000e+00
    0.000000e+00     0.000000e+00
    0.000000e+00     0.000000e+00
    0.000000e+00     0.000000e+00
