# from https://forge.in2p3.fr/issues/33587
# pix_id  cluster_i  cluster_j  pix_id_in_cluster
   0         0          0              4
   1         0          0              5
   2         0          0              7
   3         0          0              6
   4         0          0              3
   5         0          0              2
   6         0          0              1
   7        -1          1              6
   8         0          2              2
   9         0          2              3
  10         1          1              1
  11         1          1              2
  12         1         -1              5
  13         1         -1              1
  14         0         -2              7
  15         0         -2              5
  16        -1         -1              6
  17        -1         -1              7
  18        -1          1              3
  19        -1          1              7
  20         0          2              1
  21         0          2              4
  22         0          2              6
  23         1          1              5
  24         1          1              4
  25         1          1              3
  26         1         -1              7
  27         1         -1              4
  28         1         -1              2
  29         0         -2              6
  30         0         -2              4
  31         0         -2              1
  32        -1         -1              3
  33        -1         -1              4
  34        -1         -1              5
  35        -1          1              2
  36        -1          1              4
  37        -1          3              2
  38        -1          3              3
  39         0          2              5
  40         0          2              7
  41         1          3              1
  42         1          3              2
  43         1          1              7
  44         1          1              6
  45         2          0              5
  46         2          0              1
  47         1         -1              6
  48         1         -1              3
  49         1         -3              7
  50         1         -3              5
  51         0         -2              3
  52         0         -2              2
  53        -1         -3              6
  54        -1         -3              7
  55        -1         -1              2
  56        -1         -1              1
  57        -2          0              3
  58        -2          0              6
  59        -1          1              1
  60        -1          1              5
  61        -1          3              1
  62        -1          3              4
  63        -1          3              6
  64         0          4              2
  65         0          4              3
  66         1          3              5
  67         1          3              4
  68         1          3              3
  69         2          2              1
  70         2          2              2
  71         2          0              7
  72         2          0              4
  73         2          0              2
  74         2         -2              5
  75         2         -2              1
  76         1         -3              6
  77         1         -3              4
  78         1         -3              1
  79         0         -4              7
  80         0         -4              5
  81        -1         -3              3
  82        -1         -3              4
  83        -1         -3              5
  84        -2         -2              6
  85        -2         -2              7
  86        -2          0              2
  87        -2          0              4
  88        -2          0              7
  89        -2          2              3
  90        -2          2              6
  91        -2          4              3
  92        -1          3              5
  93        -1          3              7
  94         0          4              1
  95         0          4              4
  96         0          4              6
  97         1          5              2
  98         1          3              7
  99         1          3              6
 100         2          2              5
 101         2          2              4
 102         2          2              3
 103         3          1              1
 104         2          0              6
 105         2          0              3
 106         2         -2              7
 107         2         -2              4
 108         2         -2              2
 109         2         -4              5
 110         1         -3              3
 111         1         -3              2
 112         0         -4              6
 113         0         -4              4
 114         0         -4              1
 115        -1         -5              7
 116        -1         -3              2
 117        -1         -3              1
 118        -2         -2              3
 119        -2         -2              4
 120        -2         -2              5
 121        -3         -1              6
 122        -2          0              1
 123        -2          0              5
 124        -2          2              2
 125        -2          2              4
 126        -2          2              7
 127        -2          4              4
 128        -2          4              6
 129        -1          5              2
 130        -1          5              3
 131         0          4              5
 132         0          4              7
 133         1          5              1
 134         1          5              4
 135         1          5              3
 136         2          4              1
 137         2          4              2
 138         2          2              7
 139         2          2              6
 140         3          1              5
 141         3          1              4
 142         3          1              2
 143         3         -1              5
 144         3         -1              1
 145         2         -2              6
 146         2         -2              3
 147         2         -4              7
 148         2         -4              4
 149         2         -4              1
 150         1         -5              7
 151         1         -5              5
 152         0         -4              3
 153         0         -4              2
 154        -1         -5              6
 155        -1         -5              4
 156        -1         -5              5
 157        -2         -4              6
 158        -2         -4              7
 159        -2         -2              2
 160        -2         -2              1
 161        -3         -1              3
 162        -3         -1              4
 163        -3         -1              7
 164        -3          1              3
 165        -3          1              6
 166        -2          2              1
 167        -2          2              5
 168        -2          4              2
 169        -2          4              5
 170        -2          4              7
 171        -1          5              1
 172        -1          5              4
 173        -1          5              6
 174         0          6              2
 175         0          6              3
 176         1          5              5
 177         1          5              7
 178         1          5              6
 179         2          4              5
 180         2          4              4
 181         2          4              3
 182         3          3              1
 183         3          3              2
 184         3          1              7
 185         3          1              6
 186         3          1              3
 187         3         -1              7
 188         3         -1              4
 189         3         -1              2
 190         3         -3              5
 191         3         -3              1
 192         2         -4              6
 193         2         -4              3
 194         2         -4              2
 195         1         -5              6
 196         1         -5              4
 197         1         -5              1
 198         0         -6              7
 199         0         -6              5
 200        -1         -5              3
 201        -1         -5              2
 202        -1         -5              1
 203        -2         -4              3
 204        -2         -4              4
 205        -2         -4              5
 206        -3         -3              6
 207        -3         -3              7
 208        -3         -1              2
 209        -3         -1              1
 210        -3         -1              5
 211        -3          1              2
 212        -3          1              4
 213        -3          1              7
 214        -3          3              3
 215        -3          3              6
 216        -2          4              1
 217        -3          5              6
 218        -2          6              2
 219        -2          6              3
 220        -1          5              5
 221        -1          5              7
 222         0          6              1
 223         0          6              4
 224         0          6              6
 225         1          7              2
 226         1          7              3
 227         2          6              1
 228         2          6              2
 229         2          4              7
 230         2          4              6
 231         3          3              5
 232         3          3              4
 233         3          3              3
 234         4          2              1
 235         4          2              2
 236         4          0              5
 237         4          0              1
 238         3         -1              6
 239         3         -1              3
 240         3         -3              7
 241         3         -3              4
 242         3         -3              2
 243         3         -5              5
 244         3         -5              1
 245         2         -6              7
 246         2         -6              5
 247         1         -5              3
 248         1         -5              2
 249         0         -6              6
 250         0         -6              4
 251         0         -6              1
 252        -1         -7              7
 253        -1         -7              5
 254        -2         -6              6
 255        -2         -6              7
 256        -2         -4              2
 257        -2         -4              1
 258        -3         -3              3
 259        -3         -3              4
 260        -3         -3              5
 261        -4         -2              6
 262        -4         -2              7
 263        -4          0              3
 264        -4          0              6
 265        -3          1              1
 266        -3          1              5
 267        -3          3              2
 268        -3          3              4
 269        -3          3              7
 270        -3          5              3
 271        -3          5              7
 272        -2          6              1
 273        -2          6              4
 274        -2          6              6
 275        -1          7              2
 276        -1          7              3
 277         0          6              5
 278         0          6              7
 279         1          7              1
 280         1          7              4
 281         1          7              6
 282         2          6              5
 283         2          6              4
 284         2          6              3
 285         3          5              1
 286         3          5              2
 287         3          3              7
 288         3          3              6
 289         4          2              5
 290         4          2              4
 291         4          2              3
 292         4          0              7
 293         4          0              4
 294         4          0              2
 295         4         -2              5
 296         4         -2              1
 297         3         -3              6
 298         3         -3              3
 299         3         -5              7
 300         3         -5              4
 301         3         -5              2
 302         2         -6              6
 303         2         -6              4
 304         2         -6              1
 305         1         -7              7
 306         1         -7              5
 307         0         -6              3
 308         0         -6              2
 309        -1         -7              6
 310        -1         -7              4
 311        -1         -7              1
 312        -2         -6              3
 313        -2         -6              4
 314        -2         -6              5
 315        -3         -5              6
 316        -3         -5              7
 317        -3         -3              2
 318        -3         -3              1
 319        -4         -2              3
 320        -4         -2              4
 321        -4         -2              5
 322        -4          0              2
 323        -4          0              4
 324        -4          0              7
 325        -4          2              3
 326        -4          2              6
 327        -3          3              1
 328        -3          3              5
 329        -3          5              2
 330        -3          5              4
 331        -3          7              2
 332        -3          7              3
 333        -2          6              5
 334        -2          6              7
 335        -1          7              1
 336        -1          7              4
 337        -1          7              6
 338         0          8              2
 339         0          8              3
 340         1          7              5
 341         1          7              7
 342         2          8              1
 343         2          8              2
 344         2          6              7
 345         2          6              6
 346         3          5              5
 347         3          5              4
 348         3          5              3
 349         4          4              1
 350         4          4              2
 351         4          2              7
 352         4          2              6
 353         5          1              5
 354         5          1              1
 355         4          0              6
 356         4          0              3
 357         4         -2              7
 358         4         -2              4
 359         4         -2              2
 360         4         -4              5
 361         4         -4              1
 362         3         -5              6
 363         3         -5              3
 364         3         -7              7
 365         3         -7              5
 366         2         -6              3
 367         2         -6              2
 368         1         -7              6
 369         1         -7              4
 370         1         -7              1
 371         0         -8              7
 372         0         -8              5
 373        -1         -7              3
 374        -1         -7              2
 375        -2         -8              6
 376        -2         -8              7
 377        -2         -6              2
 378        -2         -6              1
 379        -3         -5              3
 380        -3         -5              4
 381        -3         -5              5
 382        -4         -4              6
 383        -4         -4              7
 384        -4         -2              2
 385        -4         -2              1
 386        -5         -1              3
 387        -5         -1              6
 388        -4          0              1
 389        -4          0              5
 390        -4          2              2
 391        -4          2              4
 392        -4          2              7
 393        -4          4              3
 394        -4          4              6
 395        -3          5              1
 396        -3          5              5
 397        -3          7              1
 398        -3          7              4
 399        -3          7              6
 400        -2          8              2
 401        -2          8              3
 402        -1          7              5
 403        -1          7              7
 404         0          8              1
 405         0          8              4
 406         0          8              6
 407         1          9              2
 408         1          9              3
 409         2          8              5
 410         2          8              4
 411         2          8              3
 412         3          7              1
 413         3          7              2
 414         3          5              7
 415         3          5              6
 416         4          4              5
 417         4          4              4
 418         4          4              3
 419         5          3              1
 420         5          3              2
 421         5          1              7
 422         5          1              4
 423         5          1              2
 424         5         -1              5
 425         5         -1              1
 426         4         -2              6
 427         4         -2              3
 428         4         -4              7
 429         4         -4              4
 430         4         -4              2
 431         4         -6              5
 432         4         -6              1
 433         3         -7              6
 434         3         -7              4
 435         3         -7              1
 436         2         -8              7
 437         2         -8              5
 438         1         -7              3
 439         1         -7              2
 440         0         -8              6
 441         0         -8              4
 442         0         -8              1
 443        -1         -9              7
 444        -1         -9              5
 445        -2         -8              3
 446        -2         -8              4
 447        -2         -8              5
 448        -3         -7              6
 449        -3         -7              7
 450        -3         -5              2
 451        -3         -5              1
 452        -4         -4              3
 453        -4         -4              4
 454        -4         -4              5
 455        -5         -3              6
 456        -5         -3              7
 457        -5         -1              2
 458        -5         -1              4
 459        -5         -1              7
 460        -5          1              3
 461        -5          1              6
 462        -4          2              1
 463        -4          2              5
 464        -4          4              2
 465        -4          4              4
 466        -4          4              7
 467        -4          6              3
 468        -4          6              6
 469        -4          8              3
 470        -3          7              5
 471        -3          7              7
 472        -2          8              1
 473        -2          8              4
 474        -2          8              6
 475        -1          9              2
 476        -1          9              3
 477         0          8              5
 478         0          8              7
 479         1          9              1
 480         1          9              4
 481         1          9              6
 482         2         10              2
 483         2          8              7
 484         2          8              6
 485         3          7              5
 486         3          7              4
 487         3          7              3
 488         4          6              1
 489         4          6              2
 490         4          4              7
 491         4          4              6
 492         5          3              5
 493         5          3              4
 494         5          3              3
 495         6          2              1
 496         5          1              6
 497         5          1              3
 498         5         -1              7
 499         5         -1              4
 500         5         -1              2
 501         5         -3              5
 502         5         -3              1
 503         4         -4              6
 504         4         -4              3
 505         4         -6              7
 506         4         -6              4
 507         4         -6              2
 508         4         -8              5
 509         3         -7              3
 510         3         -7              2
 511         2         -8              6
 512         2         -8              4
 513         2         -8              1
 514         1         -9              7
 515         1         -9              5
 516         0         -8              3
 517         0         -8              2
 518        -1         -9              6
 519        -1         -9              4
 520        -1         -9              1
 521        -2        -10              7
 522        -2         -8              2
 523        -2         -8              1
 524        -3         -7              3
 525        -3         -7              4
 526        -3         -7              5
 527        -4         -6              6
 528        -4         -6              7
 529        -4         -4              2
 530        -4         -4              1
 531        -5         -3              3
 532        -5         -3              4
 533        -5         -3              5
 534        -6         -2              6
 535        -5         -1              1
 536        -5         -1              5
 537        -5          1              2
 538        -5          1              4
 539        -5          1              7
 540        -5          3              3
 541        -5          3              6
 542        -4          4              1
 543        -4          4              5
 544        -4          6              2
 545        -4          6              4
 546        -4          6              7
 547        -4          8              4
 548        -4          8              6
 549        -3          9              2
 550        -3          9              3
 551        -2          8              5
 552        -2          8              7
 553        -1          9              1
 554        -1          9              4
 555        -1          9              6
 556         0         10              2
 557         0         10              3
 558         1          9              5
 559         1          9              7
 560         2         10              1
 561         2         10              4
 562         2         10              3
 563         3          9              1
 564         3          9              2
 565         3          7              7
 566         3          7              6
 567         4          6              5
 568         4          6              4
 569         4          6              3
 570         5          5              1
 571         5          5              2
 572         5          3              7
 573         5          3              6
 574         6          2              5
 575         6          2              4
 576         6          2              2
 577         6          0              5
 578         6          0              1
 579         5         -1              6
 580         5         -1              3
 581         5         -3              7
 582         5         -3              4
 583         5         -3              2
 584         5         -5              5
 585         5         -5              1
 586         4         -6              6
 587         4         -6              3
 588         4         -8              7
 589         4         -8              4
 590         4         -8              1
 591         3         -9              7
 592         3         -9              5
 593         2         -8              3
 594         2         -8              2
 595         1         -9              6
 596         1         -9              4
 597         1         -9              1
 598         0        -10              7
 599         0        -10              5
 600        -1         -9              3
 601        -1         -9              2
 602        -2        -10              6
 603        -2        -10              4
 604        -2        -10              5
 605        -3         -9              6
 606        -3         -9              7
 607        -3         -7              2
 608        -3         -7              1
 609        -4         -6              3
 610        -4         -6              4
 611        -4         -6              5
 612        -5         -5              6
 613        -5         -5              7
 614        -5         -3              2
 615        -5         -3              1
 616        -6         -2              3
 617        -6         -2              4
 618        -6         -2              7
 619        -6          0              3
 620        -6          0              6
 621        -5          1              1
 622        -5          1              5
 623        -5          3              2
 624        -5          3              4
 625        -5          3              7
 626        -5          5              3
 627        -5          5              6
 628        -4          6              1
 629        -4          6              5
 630        -4          8              2
 631        -4          8              5
 632        -4          8              7
 633        -3          9              1
 634        -3          9              4
 635        -3          9              6
 636        -2         10              2
 637        -2         10              3
 638        -1          9              5
 639        -1          9              7
 640         0         10              1
 641         0         10              4
 642         0         10              6
 643         1         11              2
 644         1         11              3
 645         2         10              5
 646         2         10              7
 647         2         10              6
 648         3          9              5
 649         3          9              4
 650         3          9              3
 651         4          8              1
 652         4          8              2
 653         4          6              7
 654         4          6              6
 655         5          5              5
 656         5          5              4
 657         5          5              3
 658         6          4              1
 659         6          4              2
 660         6          2              7
 661         6          2              6
 662         6          2              3
 663         6          0              7
 664         6          0              4
 665         6          0              2
 666         6         -2              5
 667         6         -2              1
 668         5         -3              6
 669         5         -3              3
 670         5         -5              7
 671         5         -5              4
 672         5         -5              2
 673         5         -7              5
 674         5         -7              1
 675         4         -8              6
 676         4         -8              3
 677         4         -8              2
 678         3         -9              6
 679         3         -9              4
 680         3         -9              1
 681         2        -10              7
 682         2        -10              5
 683         1         -9              3
 684         1         -9              2
 685         0        -10              6
 686         0        -10              4
 687         0        -10              1
 688        -1        -11              7
 689        -1        -11              5
 690        -2        -10              3
 691        -2        -10              2
 692        -2        -10              1
 693        -3         -9              3
 694        -3         -9              4
 695        -3         -9              5
 696        -4         -8              6
 697        -4         -8              7
 698        -4         -6              2
 699        -4         -6              1
 700        -5         -5              3
 701        -5         -5              4
 702        -5         -5              5
 703        -6         -4              6
 704        -6         -4              7
 705        -6         -2              2
 706        -6         -2              1
 707        -6         -2              5
 708        -6          0              2
 709        -6          0              4
 710        -6          0              7
 711        -6          2              3
 712        -6          2              6
 713        -5          3              1
 714        -5          3              5
 715        -5          5              2
 716        -5          5              4
 717        -5          5              7
 718        -5          7              3
 719        -5          7              6
 720        -4          8              1
 721        -5          9              6
 722        -4         10              2
 723        -4         10              3
 724        -3          9              5
 725        -3          9              7
 726        -2         10              1
 727        -2         10              4
 728        -2         10              6
 729        -1         11              2
 730        -1         11              3
 731         0         10              5
 732         0         10              7
 733         1         11              1
 734         1         11              4
 735         1         11              6
 736         2         12              2
 737         2         12              3
 738         3         11              1
 739         3         11              2
 740         3          9              7
 741         3          9              6
 742         4          8              5
 743         4          8              4
 744         4          8              3
 745         5          7              1
 746         5          7              2
 747         5          5              7
 748         5          5              6
 749         6          4              5
 750         6          4              4
 751         6          4              3
 752         7          3              1
 753         7          3              2
 754         7          1              5
 755         7          1              1
 756         6          0              6
 757         6          0              3
 758         6         -2              7
 759         6         -2              4
 760         6         -2              2
 761         6         -4              5
 762         6         -4              1
 763         5         -5              6
 764         5         -5              3
 765         5         -7              7
 766         5         -7              4
 767         5         -7              2
 768         5         -9              5
 769         5         -9              1
 770         4        -10              7
 771         4        -10              5
 772         3         -9              3
 773         3         -9              2
 774         2        -10              6
 775         2        -10              4
 776         2        -10              1
 777         1        -11              7
 778         1        -11              5
 779         0        -10              3
 780         0        -10              2
 781        -1        -11              6
 782        -1        -11              4
 783        -1        -11              1
 784        -2        -12              7
 785        -2        -12              5
 786        -3        -11              6
 787        -3        -11              7
 788        -3         -9              2
 789        -3         -9              1
 790        -4         -8              3
 791        -4         -8              4
 792        -4         -8              5
 793        -5         -7              6
 794        -5         -7              7
 795        -5         -5              2
 796        -5         -5              1
 797        -6         -4              3
 798        -6         -4              4
 799        -6         -4              5
 800        -7         -3              6
 801        -7         -3              7
 802        -7         -1              3
 803        -7         -1              6
 804        -6          0              1
 805        -6          0              5
 806        -6          2              2
 807        -6          2              4
 808        -6          2              7
 809        -6          4              3
 810        -6          4              6
 811        -5          5              1
 812        -5          5              5
 813        -5          7              2
 814        -5          7              4
 815        -5          7              7
 816        -5          9              3
 817        -5          9              7
 818        -4         10              1
 819        -4         10              4
 820        -4         10              6
 821        -3         11              2
 822        -3         11              3
 823        -2         10              5
 824        -2         10              7
 825        -1         11              1
 826        -1         11              4
 827        -1         11              6
 828         0         12              2
 829         0         12              3
 830         1         11              5
 831         1         11              7
 832         2         12              1
 833         2         12              4
 834         2         12              6
 835         3         11              5
 836         3         11              4
 837         3         11              3
 838         4         10              1
 839         4         10              2
 840         4          8              7
 841         4          8              6
 842         5          7              5
 843         5          7              4
 844         5          7              3
 845         6          6              1
 846         6          6              2
 847         6          4              7
 848         6          4              6
 849         7          3              5
 850         7          3              4
 851         7          3              3
 852         7          1              7
 853         7          1              4
 854         7          1              2
 855         7         -1              5
 856         7         -1              1
 857         6         -2              6
 858         6         -2              3
 859         6         -4              7
 860         6         -4              4
 861         6         -4              2
 862         6         -6              5
 863         6         -6              1
 864         5         -7              6
 865         5         -7              3
 866         5         -9              7
 867         5         -9              4
 868         5         -9              2
 869         4        -10              6
 870         4        -10              4
 871         4        -10              1
 872         3        -11              7
 873         3        -11              5
 874         2        -10              3
 875         2        -10              2
 876         1        -11              6
 877         1        -11              4
 878         1        -11              1
 879         0        -12              7
 880         0        -12              5
 881        -1        -11              3
 882        -1        -11              2
 883        -2        -12              6
 884        -2        -12              4
 885        -2        -12              1
 886        -3        -11              3
 887        -3        -11              4
 888        -3        -11              5
 889        -4        -10              6
 890        -4        -10              7
 891        -4         -8              2
 892        -4         -8              1
 893        -5         -7              3
 894        -5         -7              4
 895        -5         -7              5
 896        -6         -6              6
 897        -6         -6              7
 898        -6         -4              2
 899        -6         -4              1
 900        -7         -3              3
 901        -7         -3              4
 902        -7         -3              5
 903        -7         -1              2
 904        -7         -1              4
 905        -7         -1              7
 906        -7          1              3
 907        -7          1              6
 908        -6          2              1
 909        -6          2              5
 910        -6          4              2
 911        -6          4              4
 912        -6          4              7
 913        -6          6              3
 914        -6          6              6
 915        -5          7              1
 916        -5          7              5
 917        -5          9              2
 918        -5          9              4
 919        -5         11              2
 920        -5         11              3
 921        -4         10              5
 922        -4         10              7
 923        -3         11              1
 924        -3         11              4
 925        -3         11              6
 926        -2         12              2
 927        -2         12              3
 928        -1         11              5
 929        -1         11              7
 930         0         12              1
 931         0         12              4
 932         0         12              6
 933         1         13              2
 934         1         13              3
 935         2         12              5
 936         2         12              7
 937         3         13              1
 938         3         13              2
 939         3         11              7
 940         3         11              6
 941         4         10              5
 942         4         10              4
 943         4         10              3
 944         5          9              1
 945         5          9              2
 946         5          7              7
 947         5          7              6
 948         6          6              5
 949         6          6              4
 950         6          6              3
 951         7          5              1
 952         7          5              2
 953         7          3              7
 954         7          3              6
 955         8          2              5
 956         8          2              1
 957         7          1              6
 958         7          1              3
 959         7         -1              7
 960         7         -1              4
 961         7         -1              2
 962         7         -3              5
 963         7         -3              1
 964         6         -4              6
 965         6         -4              3
 966         6         -6              7
 967         6         -6              4
 968         6         -6              2
 969         6         -8              5
 970         6         -8              1
 971         5         -9              6
 972         5         -9              3
 973         5        -11              7
 974         5        -11              5
 975         4        -10              3
 976         4        -10              2
 977         3        -11              6
 978         3        -11              4
 979         3        -11              1
 980         2        -12              7
 981         2        -12              5
 982         1        -11              3
 983         1        -11              2
 984         0        -12              6
 985         0        -12              4
 986         0        -12              1
 987        -1        -13              7
 988        -1        -13              5
 989        -2        -12              3
 990        -2        -12              2
 991        -3        -13              6
 992        -3        -13              7
 993        -3        -11              2
 994        -3        -11              1
 995        -4        -10              3
 996        -4        -10              4
 997        -4        -10              5
 998        -5         -9              6
 999        -5         -9              7
1000        -5         -7              2
1001        -5         -7              1
1002        -6         -6              3
1003        -6         -6              4
1004        -6         -6              5
1005        -7         -5              6
1006        -7         -5              7
1007        -7         -3              2
1008        -7         -3              1
1009        -8         -2              3
1010        -8         -2              6
1011        -7         -1              1
1012        -7         -1              5
1013        -7          1              2
1014        -7          1              4
1015        -7          1              7
1016        -7          3              3
1017        -7          3              6
1018        -6          4              1
1019        -6          4              5
1020        -6          6              2
1021        -6          6              4
1022        -6          6              7
1023        -6          8              3
1024        -6          8              6
1025        -5          9              1
1026        -5          9              5
1027        -5         11              1
1028        -5         11              4
1029        -5         11              6
1030        -4         12              2
1031        -4         12              3
1032        -3         11              5
1033        -3         11              7
1034        -2         12              1
1035        -2         12              4
1036        -2         12              6
1037        -1         13              2
1038        -1         13              3
1039         0         12              5
1040         0         12              7
1041         1         13              1
1042         1         13              4
1043         1         13              6
1044         2         14              2
1045         2         14              3
1046         3         13              5
1047         3         13              4
1048         3         13              3
1049         4         12              1
1050         4         12              2
1051         4         10              7
1052         4         10              6
1053         5          9              5
1054         5          9              4
1055         5          9              3
1056         6          8              1
1057         6          8              2
1058         6          6              7
1059         6          6              6
1060         7          5              5
1061         7          5              4
1062         7          5              3
1063         8          4              1
1064         8          4              2
1065         8          2              7
1066         8          2              4
1067         8          2              2
1068         8          0              5
1069         8          0              1
1070         7         -1              6
1071         7         -1              3
1072         7         -3              7
1073         7         -3              4
1074         7         -3              2
1075         7         -5              5
1076         7         -5              1
1077         6         -6              6
1078         6         -6              3
1079         6         -8              7
1080         6         -8              4
1081         6         -8              2
1082         6        -10              5
1083         6        -10              1
1084         5        -11              6
1085         5        -11              4
1086         5        -11              1
1087         4        -12              7
1088         4        -12              5
1089         3        -11              3
1090         3        -11              2
1091         2        -12              6
1092         2        -12              4
1093         2        -12              1
1094         1        -13              7
1095         1        -13              5
1096         0        -12              3
1097         0        -12              2
1098        -1        -13              6
1099        -1        -13              4
1100        -1        -13              1
1101        -2        -14              7
1102        -2        -14              5
1103        -3        -13              3
1104        -3        -13              4
1105        -3        -13              5
1106        -4        -12              6
1107        -4        -12              7
1108        -4        -10              2
1109        -4        -10              1
1110        -5         -9              3
1111        -5         -9              4
1112        -5         -9              5
1113        -6         -8              6
1114        -6         -8              7
1115        -6         -6              2
1116        -6         -6              1
1117        -7         -5              3
1118        -7         -5              4
1119        -7         -5              5
1120        -8         -4              6
1121        -8         -4              7
1122        -8         -2              2
1123        -8         -2              4
1124        -8         -2              7
1125        -8          0              3
1126        -8          0              6
1127        -7          1              1
1128        -7          1              5
1129        -7          3              2
1130        -7          3              4
1131        -7          3              7
1132        -7          5              3
1133        -7          5              6
1134        -6          6              1
1135        -6          6              5
1136        -6          8              2
1137        -6          8              4
1138        -6          8              7
1139        -6         10              3
1140        -6         10              6
1141        -6         12              3
1142        -5         11              5
1143        -5         11              7
1144        -4         12              1
1145        -4         12              4
1146        -4         12              6
1147        -3         13              2
1148        -3         13              3
1149        -2         12              5
1150        -2         12              7
1151        -1         13              1
1152        -1         13              4
1153        -1         13              6
1154         0         14              2
1155         0         14              3
1156         1         13              5
1157         1         13              7
1158         2         14              1
1159         2         14              4
1160         2         14              6
1161         3         15              2
1162         3         13              7
1163         3         13              6
1164         4         12              5
1165         4         12              4
1166         4         12              3
1167         5         11              1
1168         5         11              2
1169         5          9              7
1170         5          9              6
1171         6          8              5
1172         6          8              4
1173         6          8              3
1174         7          7              1
1175         7          7              2
1176         7          5              7
1177         7          5              6
1178         8          4              5
1179         8          4              4
1180         8          4              3
1181         9          3              1
1182         8          2              6
1183         8          2              3
1184         8          0              7
1185         8          0              4
1186         8          0              2
1187         8         -2              5
1188         8         -2              1
1189         7         -3              6
1190         7         -3              3
1191         7         -5              7
1192         7         -5              4
1193         7         -5              2
1194         7         -7              5
1195         7         -7              1
1196         6         -8              6
1197         6         -8              3
1198         6        -10              7
1199         6        -10              4
1200         6        -10              2
1201         6        -12              5
1202         5        -11              3
1203         5        -11              2
1204         4        -12              6
1205         4        -12              4
1206         4        -12              1
1207         3        -13              7
1208         3        -13              5
1209         2        -12              3
1210         2        -12              2
1211         1        -13              6
1212         1        -13              4
1213         1        -13              1
1214         0        -14              7
1215         0        -14              5
1216        -1        -13              3
1217        -1        -13              2
1218        -2        -14              6
1219        -2        -14              4
1220        -2        -14              1
1221        -3        -15              7
1222        -3        -13              2
1223        -3        -13              1
1224        -4        -12              3
1225        -4        -12              4
1226        -4        -12              5
1227        -5        -11              6
1228        -5        -11              7
1229        -5         -9              2
1230        -5         -9              1
1231        -6         -8              3
1232        -6         -8              4
1233        -6         -8              5
1234        -7         -7              6
1235        -7         -7              7
1236        -7         -5              2
1237        -7         -5              1
1238        -8         -4              3
1239        -8         -4              4
1240        -8         -4              5
1241        -9         -3              6
1242        -8         -2              1
1243        -8         -2              5
1244        -8          0              2
1245        -8          0              4
1246        -8          0              7
1247        -8          2              3
1248        -8          2              6
1249        -7          3              1
1250        -7          3              5
1251        -7          5              2
1252        -7          5              4
1253        -7          5              7
1254        -7          7              3
1255        -7          7              6
1256        -6          8              1
1257        -6          8              5
1258        -6         10              2
1259        -6         10              4
1260        -6         10              7
1261        -6         12              4
1262        -6         12              6
1263        -5         13              2
1264        -5         13              3
1265        -4         12              5
1266        -4         12              7
1267        -3         13              1
1268        -3         13              4
1269        -3         13              6
1270        -2         14              2
1271        -2         14              3
1272        -1         13              5
1273        -1         13              7
1274         0         14              1
1275         0         14              4
1276         0         14              6
1277         1         15              2
1278         1         15              3
1279         2         14              5
1280         2         14              7
1281         3         15              1
1282         3         15              4
1283         3         15              3
1284         4         14              1
1285         4         14              2
1286         4         12              7
1287         4         12              6
1288         5         11              5
1289         5         11              4
1290         5         11              3
1291         6         10              1
1292         6         10              2
1293         6          8              7
1294         6          8              6
1295         7          7              5
1296         7          7              4
1297         7          7              3
1298         8          6              1
1299         8          6              2
1300         8          4              7
1301         8          4              6
1302         9          3              5
1303         9          3              4
1304         9          3              2
1305         9          1              5
1306         9          1              1
1307         8          0              6
1308         8          0              3
1309         8         -2              7
1310         8         -2              4
1311         8         -2              2
1312         8         -4              5
1313         8         -4              1
1314         7         -5              6
1315         7         -5              3
1316         7         -7              7
1317         7         -7              4
1318         7         -7              2
1319         7         -9              5
1320         7         -9              1
1321         6        -10              6
1322         6        -10              3
1323         6        -12              7
1324         6        -12              4
1325         6        -12              1
1326         5        -13              7
1327         5        -13              5
1328         4        -12              3
1329         4        -12              2
1330         3        -13              6
1331         3        -13              4
1332         3        -13              1
1333         2        -14              7
1334         2        -14              5
1335         1        -13              3
1336         1        -13              2
1337         0        -14              6
1338         0        -14              4
1339         0        -14              1
1340        -1        -15              7
1341        -1        -15              5
1342        -2        -14              3
1343        -2        -14              2
1344        -3        -15              6
1345        -3        -15              4
1346        -3        -15              5
1347        -4        -14              6
1348        -4        -14              7
1349        -4        -12              2
1350        -4        -12              1
1351        -5        -11              3
1352        -5        -11              4
1353        -5        -11              5
1354        -6        -10              6
1355        -6        -10              7
1356        -6         -8              2
1357        -6         -8              1
1358        -7         -7              3
1359        -7         -7              4
1360        -7         -7              5
1361        -8         -6              6
1362        -8         -6              7
1363        -8         -4              2
1364        -8         -4              1
1365        -9         -3              3
1366        -9         -3              4
1367        -9         -3              7
1368        -9         -1              3
1369        -9         -1              6
1370        -8          0              1
1371        -8          0              5
1372        -8          2              2
1373        -8          2              4
1374        -8          2              7
1375        -8          4              3
1376        -8          4              6
1377        -7          5              1
1378        -7          5              5
1379        -7          7              2
1380        -7          7              4
1381        -7          7              7
1382        -7          9              3
1383        -7          9              6
1384        -6         10              1
1385        -6         10              5
1386        -6         12              2
1387        -6         12              5
1388        -6         12              7
1389        -5         13              1
1390        -5         13              4
1391        -5         13              6
1392        -4         14              2
1393        -4         14              3
1394        -3         13              5
1395        -3         13              7
1396        -2         14              1
1397        -2         14              4
1398        -2         14              6
1399        -1         15              2
1400        -1         15              3
1401         0         14              5
1402         0         14              7
1403         1         15              1
1404         1         15              4
1405         1         15              6
1406         2         16              2
1407         2         16              3
1408         3         15              5
1409         3         15              7
1410         3         15              6
1411         4         14              5
1412         4         14              4
1413         4         14              3
1414         5         13              1
1415         5         13              2
1416         5         11              7
1417         5         11              6
1418         6         10              5
1419         6         10              4
1420         6         10              3
1421         7          9              1
1422         7          9              2
1423         7          7              7
1424         7          7              6
1425         8          6              5
1426         8          6              4
1427         8          6              3
1428         9          5              1
1429         9          5              2
1430         9          3              7
1431         9          3              6
1432         9          3              3
1433         9          1              7
1434         9          1              4
1435         9          1              2
1436         9         -1              5
1437         9         -1              1
1438         8         -2              6
1439         8         -2              3
1440         8         -4              7
1441         8         -4              4
1442         8         -4              2
1443         8         -6              5
1444         8         -6              1
1445         7         -7              6
1446         7         -7              3
1447         7         -9              7
1448         7         -9              4
1449         7         -9              2
1450         7        -11              5
1451         7        -11              1
1452         6        -12              6
1453         6        -12              3
1454         6        -12              2
1455         5        -13              6
1456         5        -13              4
1457         5        -13              1
1458         4        -14              7
1459         4        -14              5
1460         3        -13              3
1461         3        -13              2
1462         2        -14              6
1463         2        -14              4
1464         2        -14              1
1465         1        -15              7
1466         1        -15              5
1467         0        -14              3
1468         0        -14              2
1469        -1        -15              6
1470        -1        -15              4
1471        -1        -15              1
1472        -2        -16              7
1473        -2        -16              5
1474        -3        -15              3
1475        -3        -15              2
1476        -3        -15              1
1477        -4        -14              3
1478        -4        -14              4
1479        -4        -14              5
1480        -5        -13              6
1481        -5        -13              7
1482        -5        -11              2
1483        -5        -11              1
1484        -6        -10              3
1485        -6        -10              4
1486        -6        -10              5
1487        -7         -9              6
1488        -7         -9              7
1489        -7         -7              2
1490        -7         -7              1
1491        -8         -6              3
1492        -8         -6              4
1493        -8         -6              5
1494        -9         -5              6
1495        -9         -5              7
1496        -9         -3              2
1497        -9         -3              1
1498        -9         -3              5
1499        -9         -1              2
1500        -9         -1              4
1501        -9         -1              7
1502        -9          1              3
1503        -9          1              6
1504        -8          2              1
1505        -8          2              5
1506        -8          4              2
1507        -8          4              4
1508        -8          4              7
1509        -8          6              3
1510        -8          6              6
1511        -7          7              1
1512        -7          7              5
1513        -7          9              2
1514        -7          9              4
1515        -7          9              7
1516        -7         11              3
1517        -7         11              6
1518        -6         12              1
1519        -5         13              5
1520        -5         13              7
1521        -4         14              1
1522        -4         14              4
1523        -4         14              6
1524        -3         15              2
1525        -3         15              3
1526        -2         14              5
1527        -2         14              7
1528        -1         15              1
1529        -1         15              4
1530        -1         15              6
1531         0         16              2
1532         0         16              3
1533         1         15              5
1534         1         15              7
1535         2         16              1
1536         2         16              4
1537         2         16              6
1538         4         14              7
1539         4         14              6
1540         5         13              5
1541         5         13              4
1542         5         13              3
1543         6         12              1
1544         6         12              2
1545         6         10              7
1546         6         10              6
1547         7          9              5
1548         7          9              4
1549         7          9              3
1550         8          8              1
1551         8          8              2
1552         8          6              7
1553         8          6              6
1554         9          5              5
1555         9          5              4
1556         9          5              3
1557         9          1              6
1558         9          1              3
1559         9         -1              7
1560         9         -1              4
1561         9         -1              2
1562         9         -3              5
1563         9         -3              1
1564         8         -4              6
1565         8         -4              3
1566         8         -6              7
1567         8         -6              4
1568         8         -6              2
1569         8         -8              5
1570         8         -8              1
1571         7         -9              6
1572         7         -9              3
1573         7        -11              7
1574         7        -11              4
1575         7        -11              2
1576         5        -13              3
1577         5        -13              2
1578         4        -14              6
1579         4        -14              4
1580         4        -14              1
1581         3        -15              7
1582         3        -15              5
1583         2        -14              3
1584         2        -14              2
1585         1        -15              6
1586         1        -15              4
1587         1        -15              1
1588         0        -16              7
1589         0        -16              5
1590        -1        -15              3
1591        -1        -15              2
1592        -2        -16              6
1593        -2        -16              4
1594        -2        -16              1
1595        -4        -14              2
1596        -4        -14              1
1597        -5        -13              3
1598        -5        -13              4
1599        -5        -13              5
1600        -6        -12              6
1601        -6        -12              7
1602        -6        -10              2
1603        -6        -10              1
1604        -7         -9              3
1605        -7         -9              4
1606        -7         -9              5
1607        -8         -8              6
1608        -8         -8              7
1609        -8         -6              2
1610        -8         -6              1
1611        -9         -5              3
1612        -9         -5              4
1613        -9         -5              5
1614        -9         -1              1
1615        -9         -1              5
1616        -9          1              2
1617        -9          1              4
1618        -9          1              7
1619        -9          3              3
1620        -9          3              6
1621        -8          4              1
1622        -8          4              5
1623        -8          6              2
1624        -8          6              4
1625        -8          6              7
1626        -8          8              3
1627        -8          8              6
1628        -7          9              1
1629        -7          9              5
1630        -7         11              2
1631        -7         11              4
1632        -7         11              7
1633        -4         14              5
1634        -4         14              7
1635        -3         15              1
1636        -3         15              4
1637        -3         15              6
1638        -2         16              2
1639        -2         16              3
1640        -1         15              5
1641        -1         15              7
1642         0         16              1
1643         0         16              4
1644         0         16              6
1645         1         17              2
1646         1         17              3
1647         2         16              5
1648         2         16              7
1649         5         13              7
1650         5         13              6
1651         6         12              5
1652         6         12              4
1653         6         12              3
1654         7         11              1
1655         7         11              2
1656         7          9              7
1657         7          9              6
1658         8          8              5
1659         8          8              4
1660         8          8              3
1661         9          7              1
1662         9          7              2
1663         9          5              7
1664         9          5              6
1665         9         -1              6
1666         9         -1              3
1667         9         -3              7
1668         9         -3              4
1669         9         -3              2
1670         9         -5              5
1671         9         -5              1
1672         8         -6              6
1673         8         -6              3
1674         8         -8              7
1675         8         -8              4
1676         8         -8              2
1677         8        -10              5
1678         8        -10              1
1679         7        -11              6
1680         7        -11              3
1681         4        -14              3
1682         4        -14              2
1683         3        -15              6
1684         3        -15              4
1685         3        -15              1
1686         2        -16              7
1687         2        -16              5
1688         1        -15              3
1689         1        -15              2
1690         0        -16              6
1691         0        -16              4
1692         0        -16              1
1693        -1        -17              7
1694        -1        -17              5
1695        -2        -16              3
1696        -2        -16              2
1697        -5        -13              2
1698        -5        -13              1
1699        -6        -12              3
1700        -6        -12              4
1701        -6        -12              5
1702        -7        -11              6
1703        -7        -11              7
1704        -7         -9              2
1705        -7         -9              1
1706        -8         -8              3
1707        -8         -8              4
1708        -8         -8              5
1709        -9         -7              6
1710        -9         -7              7
1711        -9         -5              2
1712        -9         -5              1
1713        -9          1              1
1714        -9          1              5
1715        -9          3              2
1716        -9          3              4
1717        -9          3              7
1718        -9          5              3
1719        -9          5              6
1720        -8          6              1
1721        -8          6              5
1722        -8          8              2
1723        -8          8              4
1724        -8          8              7
1725        -8         10              3
1726        -8         10              6
1727        -7         11              1
1728        -7         11              5
1729        -3         15              5
1730        -3         15              7
1731        -2         16              1
1732        -2         16              4
1733        -2         16              6
1734        -1         17              2
1735        -1         17              3
1736         0         16              5
1737         0         16              7
1738         1         17              1
1739         1         17              4
1740         1         17              6
1741         6         12              7
1742         6         12              6
1743         7         11              5
1744         7         11              4
1745         7         11              3
1746         8         10              1
1747         8         10              2
1748         8          8              7
1749         8          8              6
1750         9          7              5
1751         9          7              4
1752         9          7              3
1753         9         -3              6
1754         9         -3              3
1755         9         -5              7
1756         9         -5              4
1757         9         -5              2
1758         9         -7              5
1759         9         -7              1
1760         8         -8              6
1761         8         -8              3
1762         8        -10              7
1763         8        -10              4
1764         8        -10              2
1765         3        -15              3
1766         3        -15              2
1767         2        -16              6
1768         2        -16              4
1769         2        -16              1
1770         1        -17              7
1771         1        -17              5
1772         0        -16              3
1773         0        -16              2
1774        -1        -17              6
1775        -1        -17              4
1776        -1        -17              1
1777        -6        -12              2
1778        -6        -12              1
1779        -7        -11              3
1780        -7        -11              4
1781        -7        -11              5
1782        -8        -10              6
1783        -8        -10              7
1784        -8         -8              2
1785        -8         -8              1
1786        -9         -7              3
1787        -9         -7              4
1788        -9         -7              5
1789        -9          3              1
1790        -9          3              5
1791        -9          5              2
1792        -9          5              4
1793        -9          5              7
1794        -9          7              3
1795        -9          7              6
1796        -8          8              1
1797        -8          8              5
1798        -8         10              2
1799        -8         10              4
1800        -8         10              7
1801        -2         16              5
1802        -2         16              7
1803        -1         17              1
1804        -1         17              4
1805        -1         17              6
1806         1         17              5
1807         1         17              7
1808         7         11              7
1809         7         11              6
1810         8         10              5
1811         8         10              4
1812         8         10              3
1813         9          7              7
1814         9          7              6
1815         9         -5              6
1816         9         -5              3
1817         9         -7              7
1818         9         -7              4
1819         9         -7              2
1820         8        -10              6
1821         8        -10              3
1822         2        -16              3
1823         2        -16              2
1824         1        -17              6
1825         1        -17              4
1826         1        -17              1
1827        -1        -17              3
1828        -1        -17              2
1829        -7        -11              2
1830        -7        -11              1
1831        -8        -10              3
1832        -8        -10              4
1833        -8        -10              5
1834        -9         -7              2
1835        -9         -7              1
1836        -9          5              1
1837        -9          5              5
1838        -9          7              2
1839        -9          7              4
1840        -9          7              7
1841        -8         10              1
1842        -8         10              5
1843        -1         17              5
1844        -1         17              7
1845         8         10              7
1846         8         10              6
1847         9         -7              6
1848         9         -7              3
1849         1        -17              3
1850         1        -17              2
1851        -8        -10              2
1852        -8        -10              1
1853        -9          7              1
1854        -9          7              5
