0   0.000000   0.000000   779.422852 
1   28.346991   9.819690   779.422852 
2   5.669400   29.459061   779.422852 
3   -22.677601   19.639370   779.422852 
4   -28.346991   -9.819690   779.422852 
5   -5.669400   -29.459061   779.422852 
6   22.677601   -19.639370   779.422852 
7   56.693989   19.639370   779.422852 
8   34.016392   39.278751   779.422852 
9   11.338800   58.918121   779.422852 
10   -17.008200   49.098431   779.422852 
11   -45.355190   39.278751   779.422852 
12   -51.024590   9.819690   779.422852 
13   -56.693989   -19.639370   779.422852 
14   -34.016392   -39.278751   779.422852 
15   -11.338800   -58.918121   779.422852 
16   17.008200   -49.098431   779.422852 
17   45.355190   -39.278751   779.422852 
18   51.024590   -9.819690   779.422852 
19   85.040977   29.459061   779.422852 
20   62.363392   49.098431   779.422852 
21   39.685791   68.737808   779.422852 
22   17.008200   88.377182   779.422852 
23   -11.338800   78.557487   779.422852 
24   -39.685791   68.737808   779.422852 
25   -68.032791   58.918121   779.422852 
26   -73.702179   29.459061   779.422852 
27   -79.371582   0.000000   779.422852 
28   -85.040977   -29.459061   779.422852 
29   -62.363392   -49.098431   779.422852 
30   -39.685791   -68.737808   779.422852 
31   -17.008200   -88.377182   779.422852 
32   11.338800   -78.557487   779.422852 
33   39.685791   -68.737808   779.422852 
34   68.032791   -58.918121   779.422852 
35   73.702179   -29.459061   779.422852 
36   79.371582   0.000000   779.422852 
37   113.387978   39.278751   779.422852 
38   90.710381   58.918121   779.422852 
39   68.032791   78.557487   779.422852 
40   45.355190   98.196869   779.422852 
41   22.677601   117.836243   779.422852 
42   -5.669400   108.016548   779.422852 
43   -34.016392   98.196869   779.422852 
44   -62.363392   88.377182   779.422852 
45   -90.710381   78.557487   779.422852 
46   -96.379784   49.098431   779.422852 
47   -102.049179   19.639370   779.422852 
48   -107.718582   -9.819690   779.422852 
49   -113.387978   -39.278751   779.422852 
50   -90.710381   -58.918121   779.422852 
51   -68.032791   -78.557487   779.422852 
52   -45.355190   -98.196869   779.422852 
53   -22.677601   -117.836243   779.422852 
54   5.669400   -108.016548   779.422852 
55   34.016392   -98.196869   779.422852 
56   62.363392   -88.377182   779.422852 
57   90.710381   -78.557487   779.422852 
58   96.379784   -49.098431   779.422852 
59   102.049179   -19.639370   779.422852 
60   107.718582   9.819690   779.422852 
61   141.734970   49.098431   779.422852 
62   119.057373   68.737808   779.422852 
63   96.379784   88.377182   779.422852 
64   73.702179   108.016548   779.422852 
65   51.024590   127.655930   779.422852 
66   28.346991   147.295303   779.422852 
67   0.000000   137.475616   779.422852 
68   -28.346991   127.655930   779.422852 
69   -56.693989   117.836243   779.422852 
70   -85.040977   108.016548   779.422852 
71   -113.387978   98.196869   779.422852 
72   -119.057373   68.737808   779.422852 
73   -124.726768   39.278751   779.422852 
74   -130.396164   9.819690   779.422852 
75   -136.065567   -19.639370   779.422852 
76   -141.734970   -49.098431   779.422852 
77   -119.057373   -68.737808   779.422852 
78   -96.379784   -88.377182   779.422852 
79   -73.702179   -108.016548   779.422852 
80   -51.024590   -127.655930   779.422852 
81   -28.346991   -147.295303   779.422852 
82   -0.000000   -137.475616   779.422852 
83   28.346991   -127.655930   779.422852 
84   56.693989   -117.836243   779.422852 
85   85.040977   -108.016548   779.422852 
86   113.387978   -98.196869   779.422852 
87   119.057373   -68.737808   779.422852 
88   124.726768   -39.278751   779.422852 
89   130.396164   -9.819690   779.422852 
90   136.065567   19.639370   779.422852 
91   170.081955   58.918121   779.422852 
92   147.404373   78.557487   779.422852 
93   124.726768   98.196869   779.422852 
94   102.049179   117.836243   779.422852 
95   79.371582   137.475616   779.422852 
96   56.693989   157.114990   779.422852 
97   34.016392   176.754364   779.422852 
98   5.669400   166.934677   779.422852 
99   -22.677601   157.114990   779.422852 
100   -51.024590   147.295303   779.422852 
101   -79.371582   137.475616   779.422852 
102   -107.718582   127.655930   779.422852 
103   -136.065567   117.836243   779.422852 
104   -141.734970   88.377182   779.422852 
105   -147.404373   58.918121   779.422852 
106   -153.073776   29.459061   779.422852 
107   -158.743164   0.000000   779.422852 
108   -164.412567   -29.459061   779.422852 
109   -170.081955   -58.918121   779.422852 
110   -147.404373   -78.557487   779.422852 
111   -124.726768   -98.196869   779.422852 
112   -102.049179   -117.836243   779.422852 
113   -79.371582   -137.475616   779.422852 
114   -56.693989   -157.114990   779.422852 
115   -34.016392   -176.754364   779.422852 
116   -5.669400   -166.934677   779.422852 
117   22.677601   -157.114990   779.422852 
118   51.024590   -147.295303   779.422852 
119   79.371582   -137.475616   779.422852 
120   107.718582   -127.655930   779.422852 
121   136.065567   -117.836243   779.422852 
122   141.734970   -88.377182   779.422852 
123   147.404373   -58.918121   779.422852 
124   153.073776   -29.459061   779.422852 
125   158.743164   0.000000   779.422852 
126   164.412567   29.459061   779.422852 
127   198.428955   68.737808   779.422852 
128   175.751358   88.377182   779.422852 
129   153.073776   108.016548   779.422852 
130   130.396164   127.655930   779.422852 
131   107.718582   147.295303   779.422852 
132   85.040977   166.934677   779.422852 
133   62.363392   186.574051   779.422852 
134   39.685791   206.213425   779.422852 
135   11.338800   196.393723   779.422852 
136   -17.008200   186.574051   779.422852 
137   -45.355190   176.754364   779.422852 
138   -73.702179   166.934677   779.422852 
139   -102.049179   157.114990   779.422852 
140   -130.396164   147.295303   779.422852 
141   -158.743164   137.475616   779.422852 
142   -164.412567   108.016548   779.422852 
143   -170.081955   78.557487   779.422852 
144   -175.751358   49.098431   779.422852 
145   -181.420761   19.639370   779.422852 
146   -187.090164   -9.819690   779.422852 
147   -192.759567   -39.278751   779.422852 
148   -198.428955   -68.737808   779.422852 
149   -175.751358   -88.377182   779.422852 
150   -153.073776   -108.016548   779.422852 
151   -130.396164   -127.655930   779.422852 
152   -107.718582   -147.295303   779.422852 
153   -85.040977   -166.934677   779.422852 
154   -62.363392   -186.574051   779.422852 
155   -39.685791   -206.213425   779.422852 
156   -11.338800   -196.393723   779.422852 
157   17.008200   -186.574051   779.422852 
158   45.355190   -176.754364   779.422852 
159   73.702179   -166.934677   779.422852 
160   102.049179   -157.114990   779.422852 
161   130.396164   -147.295303   779.422852 
162   158.743164   -137.475616   779.422852 
163   164.412567   -108.016548   779.422852 
164   170.081955   -78.557487   779.422852 
165   175.751358   -49.098431   779.422852 
166   181.420761   -19.639370   779.422852 
167   187.090164   9.819690   779.422852 
168   192.759567   39.278751   779.422852 
169   226.775955   78.557487   779.422852 
170   204.098358   98.196869   779.422852 
171   181.420761   117.836243   779.422852 
172   158.743164   137.475616   779.422852 
173   136.065567   157.114990   779.422852 
174   113.387978   176.754364   779.422852 
175   90.710381   196.393723   779.422852 
176   68.032791   216.033112   779.422852 
177   45.355190   235.672485   779.422852 
178   17.008200   225.852783   779.422852 
179   -11.338800   216.033112   779.422852 
180   -39.685791   206.213425   779.422852 
181   -68.032791   196.393723   779.422852 
182   -96.379784   186.574051   779.422852 
183   -124.726768   176.754364   779.422852 
184   -153.073776   166.934677   779.422852 
185   -181.420761   157.114990   779.422852 
186   -187.090164   127.655930   779.422852 
187   -192.759567   98.196869   779.422852 
188   -198.428955   68.737808   779.422852 
189   -204.098358   39.278751   779.422852 
190   -209.767746   9.819690   779.422852 
191   -215.437149   -19.639370   779.422852 
192   -221.106552   -49.098431   779.422852 
193   -226.775955   -78.557487   779.422852 
194   -204.098358   -98.196869   779.422852 
195   -181.420761   -117.836243   779.422852 
196   -158.743164   -137.475616   779.422852 
197   -136.065567   -157.114990   779.422852 
198   -113.387978   -176.754364   779.422852 
199   -90.710381   -196.393723   779.422852 
200   -68.032791   -216.033112   779.422852 
201   -45.355190   -235.672485   779.422852 
202   -17.008200   -225.852783   779.422852 
203   11.338800   -216.033112   779.422852 
204   39.685791   -206.213425   779.422852 
205   68.032791   -196.393723   779.422852 
206   96.379784   -186.574051   779.422852 
207   124.726768   -176.754364   779.422852 
208   153.073776   -166.934677   779.422852 
209   181.420761   -157.114990   779.422852 
210   187.090164   -127.655930   779.422852 
211   192.759567   -98.196869   779.422852 
212   198.428955   -68.737808   779.422852 
213   204.098358   -39.278751   779.422852 
214   209.767746   -9.819690   779.422852 
215   215.437149   19.639370   779.422852 
216   221.106552   49.098431   779.422852 
217   255.122940   88.377182   779.422852 
218   232.445343   108.016548   779.422852 
219   209.767746   127.655930   779.422852 
220   187.090164   147.295303   779.422852 
221   164.412567   166.934677   779.422852 
222   141.734970   186.574051   779.422852 
223   119.057373   206.213425   779.422852 
224   96.379784   225.852783   779.422852 
225   73.702179   245.492172   779.422852 
226   51.024590   265.131531   779.422852 
227   22.677601   255.311844   779.422852 
228   -5.669400   245.492172   779.422852 
229   -34.016392   235.672485   779.422852 
230   -62.363392   225.852783   779.422852 
231   -90.710381   216.033112   779.422852 
232   -119.057373   206.213425   779.422852 
233   -147.404373   196.393723   779.422852 
234   -175.751358   186.574051   779.422852 
235   -204.098358   176.754364   779.422852 
236   -209.767746   147.295303   779.422852 
237   -215.437149   117.836243   779.422852 
238   -221.106552   88.377182   779.422852 
239   -226.775955   58.918121   779.422852 
240   -232.445343   29.459061   779.422852 
241   -238.114746   0.000000   779.422852 
242   -243.784149   -29.459061   779.422852 
243   -249.453552   -58.918121   779.422852 
244   -255.122940   -88.377182   779.422852 
245   -232.445343   -108.016548   779.422852 
246   -209.767746   -127.655930   779.422852 
247   -187.090164   -147.295303   779.422852 
248   -164.412567   -166.934677   779.422852 
249   -141.734970   -186.574051   779.422852 
250   -119.057373   -206.213425   779.422852 
251   -96.379784   -225.852783   779.422852 
252   -73.702179   -245.492172   779.422852 
253   -51.024590   -265.131531   779.422852 
254   -22.677601   -255.311844   779.422852 
255   5.669400   -245.492172   779.422852 
256   34.016392   -235.672485   779.422852 
257   62.363392   -225.852783   779.422852 
258   90.710381   -216.033112   779.422852 
259   119.057373   -206.213425   779.422852 
260   147.404373   -196.393723   779.422852 
261   175.751358   -186.574051   779.422852 
262   204.098358   -176.754364   779.422852 
263   209.767746   -147.295303   779.422852 
264   215.437149   -117.836243   779.422852 
265   221.106552   -88.377182   779.422852 
266   226.775955   -58.918121   779.422852 
267   232.445343   -29.459061   779.422852 
268   238.114746   0.000000   779.422852 
269   243.784149   29.459061   779.422852 
270   249.453552   58.918121   779.422852 
271   283.469940   98.196869   779.422852 
272   260.792328   117.836243   779.422852 
273   238.114746   137.475616   779.422852 
274   215.437149   157.114990   779.422852 
275   192.759567   176.754364   779.422852 
276   170.081955   196.393723   779.422852 
277   147.404373   216.033112   779.422852 
278   124.726768   235.672485   779.422852 
279   102.049179   255.311844   779.422852 
280   79.371582   274.951233   779.422852 
281   56.693989   294.590607   779.422852 
282   28.346991   284.770935   779.422852 
283   0.000000   274.951233   779.422852 
284   -28.346991   265.131531   779.422852 
285   -56.693989   255.311844   779.422852 
286   -85.040977   245.492172   779.422852 
287   -113.387978   235.672485   779.422852 
288   -141.734970   225.852783   779.422852 
289   -170.081955   216.033112   779.422852 
290   -198.428955   206.213425   779.422852 
291   -226.775955   196.393723   779.422852 
292   -232.445343   166.934677   779.422852 
293   -238.114746   137.475616   779.422852 
294   -243.784149   108.016548   779.422852 
295   -249.453552   78.557487   779.422852 
296   -255.122940   49.098431   779.422852 
297   -260.792328   19.639370   779.422852 
298   -266.461731   -9.819690   779.422852 
299   -272.131134   -39.278751   779.422852 
300   -277.800537   -68.737808   779.422852 
301   -283.469940   -98.196869   779.422852 
302   -260.792328   -117.836243   779.422852 
303   -238.114746   -137.475616   779.422852 
304   -215.437149   -157.114990   779.422852 
305   -192.759567   -176.754364   779.422852 
306   -170.081955   -196.393723   779.422852 
307   -147.404373   -216.033112   779.422852 
308   -124.726768   -235.672485   779.422852 
309   -102.049179   -255.311844   779.422852 
310   -79.371582   -274.951233   779.422852 
311   -56.693989   -294.590607   779.422852 
312   -28.346991   -284.770935   779.422852 
313   -0.000000   -274.951233   779.422852 
314   28.346991   -265.131531   779.422852 
315   56.693989   -255.311844   779.422852 
316   85.040977   -245.492172   779.422852 
317   113.387978   -235.672485   779.422852 
318   141.734970   -225.852783   779.422852 
319   170.081955   -216.033112   779.422852 
320   198.428955   -206.213425   779.422852 
321   226.775955   -196.393723   779.422852 
322   232.445343   -166.934677   779.422852 
323   238.114746   -137.475616   779.422852 
324   243.784149   -108.016548   779.422852 
325   249.453552   -78.557487   779.422852 
326   255.122940   -49.098431   779.422852 
327   260.792328   -19.639370   779.422852 
328   266.461731   9.819690   779.422852 
329   272.131134   39.278751   779.422852 
330   277.800537   68.737808   779.422852 
331   311.816925   108.016548   779.422852 
332   289.139343   127.655930   779.422852 
333   266.461731   147.295303   779.422852 
334   243.784149   166.934677   779.422852 
335   221.106552   186.574051   779.422852 
336   198.428955   206.213425   779.422852 
337   175.751358   225.852783   779.422852 
338   153.073776   245.492172   779.422852 
339   130.396164   265.131531   779.422852 
340   107.718582   284.770935   779.422852 
341   85.040977   304.410278   779.422852 
342   62.363392   324.049652   779.422852 
343   34.016392   314.229980   779.422852 
344   5.669400   304.410278   779.422852 
345   -22.677601   294.590607   779.422852 
346   -51.024590   284.770935   779.422852 
347   -79.371582   274.951233   779.422852 
348   -107.718582   265.131531   779.422852 
349   -136.065567   255.311844   779.422852 
350   -164.412567   245.492172   779.422852 
351   -192.759567   235.672485   779.422852 
352   -221.106552   225.852783   779.422852 
353   -249.453552   216.033112   779.422852 
354   -255.122940   186.574051   779.422852 
355   -260.792328   157.114990   779.422852 
356   -266.461731   127.655930   779.422852 
357   -272.131134   98.196869   779.422852 
358   -277.800537   68.737808   779.422852 
359   -283.469940   39.278751   779.422852 
360   -289.139343   9.819690   779.422852 
361   -294.808746   -19.639370   779.422852 
362   -300.478149   -49.098431   779.422852 
363   -306.147522   -78.557487   779.422852 
364   -311.816925   -108.016548   779.422852 
365   -289.139343   -127.655930   779.422852 
366   -266.461731   -147.295303   779.422852 
367   -243.784149   -166.934677   779.422852 
368   -221.106552   -186.574051   779.422852 
369   -198.428955   -206.213425   779.422852 
370   -175.751358   -225.852783   779.422852 
371   -153.073776   -245.492172   779.422852 
372   -130.396164   -265.131531   779.422852 
373   -107.718582   -284.770935   779.422852 
374   -85.040977   -304.410278   779.422852 
375   -62.363392   -324.049652   779.422852 
376   -34.016392   -314.229980   779.422852 
377   -5.669400   -304.410278   779.422852 
378   22.677601   -294.590607   779.422852 
379   51.024590   -284.770935   779.422852 
380   79.371582   -274.951233   779.422852 
381   107.718582   -265.131531   779.422852 
382   136.065567   -255.311844   779.422852 
383   164.412567   -245.492172   779.422852 
384   192.759567   -235.672485   779.422852 
385   221.106552   -225.852783   779.422852 
386   249.453552   -216.033112   779.422852 
387   255.122940   -186.574051   779.422852 
388   260.792328   -157.114990   779.422852 
389   266.461731   -127.655930   779.422852 
390   272.131134   -98.196869   779.422852 
391   277.800537   -68.737808   779.422852 
392   283.469940   -39.278751   779.422852 
393   289.139343   -9.819690   779.422852 
394   294.808746   19.639370   779.422852 
395   300.478149   49.098431   779.422852 
396   306.147522   78.557487   779.422852 
397   340.163940   117.836243   779.422852 
398   317.486328   137.475616   779.422852 
399   294.808746   157.114990   779.422852 
400   272.131134   176.754364   779.422852 
401   249.453552   196.393723   779.422852 
402   226.775955   216.033112   779.422852 
403   204.098358   235.672485   779.422852 
404   181.420761   255.311844   779.422852 
405   158.743164   274.951233   779.422852 
406   136.065567   294.590607   779.422852 
407   113.387978   314.229980   779.422852 
408   90.710381   333.869354   779.422852 
409   68.032791   353.508728   779.422852 
410   39.685791   343.689026   779.422852 
411   11.338800   333.869354   779.422852 
412   -17.008200   324.049652   779.422852 
413   -45.355190   314.229980   779.422852 
414   -73.702179   304.410278   779.422852 
415   -102.049179   294.590607   779.422852 
416   -130.396164   284.770935   779.422852 
417   -158.743164   274.951233   779.422852 
418   -187.090164   265.131531   779.422852 
419   -215.437149   255.311844   779.422852 
420   -243.784149   245.492172   779.422852 
421   -272.131134   235.672485   779.422852 
422   -277.800537   206.213425   779.422852 
423   -283.469940   176.754364   779.422852 
424   -289.139343   147.295303   779.422852 
425   -294.808746   117.836243   779.422852 
426   -300.478149   88.377182   779.422852 
427   -306.147522   58.918121   779.422852 
428   -311.816925   29.459061   779.422852 
429   -317.486328   0.000000   779.422852 
430   -323.155731   -29.459061   779.422852 
431   -328.825134   -58.918121   779.422852 
432   -334.494537   -88.377182   779.422852 
433   -340.163940   -117.836243   779.422852 
434   -317.486328   -137.475616   779.422852 
435   -294.808746   -157.114990   779.422852 
436   -272.131134   -176.754364   779.422852 
437   -249.453552   -196.393723   779.422852 
438   -226.775955   -216.033112   779.422852 
439   -204.098358   -235.672485   779.422852 
440   -181.420761   -255.311844   779.422852 
441   -158.743164   -274.951233   779.422852 
442   -136.065567   -294.590607   779.422852 
443   -113.387978   -314.229980   779.422852 
444   -90.710381   -333.869354   779.422852 
445   -68.032791   -353.508728   779.422852 
446   -39.685791   -343.689026   779.422852 
447   -11.338800   -333.869354   779.422852 
448   17.008200   -324.049652   779.422852 
449   45.355190   -314.229980   779.422852 
450   73.702179   -304.410278   779.422852 
451   102.049179   -294.590607   779.422852 
452   130.396164   -284.770935   779.422852 
453   158.743164   -274.951233   779.422852 
454   187.090164   -265.131531   779.422852 
455   215.437149   -255.311844   779.422852 
456   243.784149   -245.492172   779.422852 
457   272.131134   -235.672485   779.422852 
458   277.800537   -206.213425   779.422852 
459   283.469940   -176.754364   779.422852 
460   289.139343   -147.295303   779.422852 
461   294.808746   -117.836243   779.422852 
462   300.478149   -88.377182   779.422852 
463   306.147522   -58.918121   779.422852 
464   311.816925   -29.459061   779.422852 
465   317.486328   0.000000   779.422852 
466   323.155731   29.459061   779.422852 
467   328.825134   58.918121   779.422852 
468   334.494537   88.377182   779.422852 
469   368.510925   127.655930   779.422852 
470   345.833344   147.295303   779.422852 
471   323.155731   166.934677   779.422852 
472   300.478149   186.574051   779.422852 
473   277.800537   206.213425   779.422852 
474   255.122940   225.852783   779.422852 
475   232.445343   245.492172   779.422852 
476   209.767746   265.131531   779.422852 
477   187.090164   284.770935   779.422852 
478   164.412567   304.410278   779.422852 
479   141.734970   324.049652   779.422852 
480   119.057373   343.689026   779.422852 
481   96.379784   363.328400   779.422852 
482   73.702179   382.967773   779.422852 
483   45.355190   373.148102   779.422852 
484   17.008200   363.328400   779.422852 
485   -11.338800   353.508728   779.422852 
486   -39.685791   343.689026   779.422852 
487   -68.032791   333.869354   779.422852 
488   -96.379784   324.049652   779.422852 
489   -124.726768   314.229980   779.422852 
490   -153.073776   304.410278   779.422852 
491   -181.420761   294.590607   779.422852 
492   -209.767746   284.770935   779.422852 
493   -238.114746   274.951233   779.422852 
494   -266.461731   265.131531   779.422852 
495   -294.808746   255.311844   779.422852 
496   -300.478149   225.852783   779.422852 
497   -306.147522   196.393723   779.422852 
498   -311.816925   166.934677   779.422852 
499   -317.486328   137.475616   779.422852 
500   -323.155731   108.016548   779.422852 
501   -328.825134   78.557487   779.422852 
502   -334.494537   49.098431   779.422852 
503   -340.163940   19.639370   779.422852 
504   -345.833344   -9.819690   779.422852 
505   -351.502716   -39.278751   779.422852 
506   -357.172119   -68.737808   779.422852 
507   -362.841522   -98.196869   779.422852 
508   -368.510925   -127.655930   779.422852 
509   -345.833344   -147.295303   779.422852 
510   -323.155731   -166.934677   779.422852 
511   -300.478149   -186.574051   779.422852 
512   -277.800537   -206.213425   779.422852 
513   -255.122940   -225.852783   779.422852 
514   -232.445343   -245.492172   779.422852 
515   -209.767746   -265.131531   779.422852 
516   -187.090164   -284.770935   779.422852 
517   -164.412567   -304.410278   779.422852 
518   -141.734970   -324.049652   779.422852 
519   -119.057373   -343.689026   779.422852 
520   -96.379784   -363.328400   779.422852 
521   -73.702179   -382.967773   779.422852 
522   -45.355190   -373.148102   779.422852 
523   -17.008200   -363.328400   779.422852 
524   11.338800   -353.508728   779.422852 
525   39.685791   -343.689026   779.422852 
526   68.032791   -333.869354   779.422852 
527   96.379784   -324.049652   779.422852 
528   124.726768   -314.229980   779.422852 
529   153.073776   -304.410278   779.422852 
530   181.420761   -294.590607   779.422852 
531   209.767746   -284.770935   779.422852 
532   238.114746   -274.951233   779.422852 
533   266.461731   -265.131531   779.422852 
534   294.808746   -255.311844   779.422852 
535   300.478149   -225.852783   779.422852 
536   306.147522   -196.393723   779.422852 
537   311.816925   -166.934677   779.422852 
538   317.486328   -137.475616   779.422852 
539   323.155731   -108.016548   779.422852 
540   328.825134   -78.557487   779.422852 
541   334.494537   -49.098431   779.422852 
542   340.163940   -19.639370   779.422852 
543   345.833344   9.819690   779.422852 
544   351.502716   39.278751   779.422852 
545   357.172119   68.737808   779.422852 
546   362.841522   98.196869   779.422852 
547   396.857910   137.475616   779.422852 
548   374.180328   157.114990   779.422852 
549   351.502716   176.754364   779.422852 
550   328.825134   196.393723   779.422852 
551   306.147522   216.033112   779.422852 
552   283.469940   235.672485   779.422852 
553   260.792328   255.311844   779.422852 
554   238.114746   274.951233   779.422852 
555   215.437149   294.590607   779.422852 
556   192.759567   314.229980   779.422852 
557   170.081955   333.869354   779.422852 
558   147.404373   353.508728   779.422852 
559   124.726768   373.148102   779.422852 
560   102.049179   392.787476   779.422852 
561   79.371582   412.426849   779.422852 
562   51.024590   402.607147   779.422852 
563   22.677601   392.787476   779.422852 
564   -5.669400   382.967773   779.422852 
565   -34.016392   373.148102   779.422852 
566   -62.363392   363.328400   779.422852 
567   -90.710381   353.508728   779.422852 
568   -119.057373   343.689026   779.422852 
569   -147.404373   333.869354   779.422852 
570   -175.751358   324.049652   779.422852 
571   -204.098358   314.229980   779.422852 
572   -232.445343   304.410278   779.422852 
573   -260.792328   294.590607   779.422852 
574   -289.139343   284.770935   779.422852 
575   -317.486328   274.951233   779.422852 
576   -323.155731   245.492172   779.422852 
577   -328.825134   216.033112   779.422852 
578   -334.494537   186.574051   779.422852 
579   -340.163940   157.114990   779.422852 
580   -345.833344   127.655930   779.422852 
581   -351.502716   98.196869   779.422852 
582   -357.172119   68.737808   779.422852 
583   -362.841522   39.278751   779.422852 
584   -368.510925   9.819690   779.422852 
585   -374.180328   -19.639370   779.422852 
586   -379.849731   -49.098431   779.422852 
587   -385.519135   -78.557487   779.422852 
588   -391.188507   -108.016548   779.422852 
589   -396.857910   -137.475616   779.422852 
590   -374.180328   -157.114990   779.422852 
591   -351.502716   -176.754364   779.422852 
592   -328.825134   -196.393723   779.422852 
593   -306.147522   -216.033112   779.422852 
594   -283.469940   -235.672485   779.422852 
595   -260.792328   -255.311844   779.422852 
596   -238.114746   -274.951233   779.422852 
597   -215.437149   -294.590607   779.422852 
598   -192.759567   -314.229980   779.422852 
599   -170.081955   -333.869354   779.422852 
600   -147.404373   -353.508728   779.422852 
601   -124.726768   -373.148102   779.422852 
602   -102.049179   -392.787476   779.422852 
603   -79.371582   -412.426849   779.422852 
604   -51.024590   -402.607147   779.422852 
605   -22.677601   -392.787476   779.422852 
606   5.669400   -382.967773   779.422852 
607   34.016392   -373.148102   779.422852 
608   62.363392   -363.328400   779.422852 
609   90.710381   -353.508728   779.422852 
610   119.057373   -343.689026   779.422852 
611   147.404373   -333.869354   779.422852 
612   175.751358   -324.049652   779.422852 
613   204.098358   -314.229980   779.422852 
614   232.445343   -304.410278   779.422852 
615   260.792328   -294.590607   779.422852 
616   289.139343   -284.770935   779.422852 
617   317.486328   -274.951233   779.422852 
618   323.155731   -245.492172   779.422852 
619   328.825134   -216.033112   779.422852 
620   334.494537   -186.574051   779.422852 
621   340.163940   -157.114990   779.422852 
622   345.833344   -127.655930   779.422852 
623   351.502716   -98.196869   779.422852 
624   357.172119   -68.737808   779.422852 
625   362.841522   -39.278751   779.422852 
626   368.510925   -9.819690   779.422852 
627   374.180328   19.639370   779.422852 
628   379.849731   49.098431   779.422852 
629   385.519135   78.557487   779.422852 
630   391.188507   108.016548   779.422852 
631   425.204895   147.295303   779.422852 
632   402.527313   166.934677   779.422852 
633   379.849731   186.574051   779.422852 
634   357.172119   206.213425   779.422852 
635   334.494537   225.852783   779.422852 
636   311.816925   245.492172   779.422852 
637   289.139343   265.131531   779.422852 
638   266.461731   284.770935   779.422852 
639   243.784149   304.410278   779.422852 
640   221.106552   324.049652   779.422852 
641   198.428955   343.689026   779.422852 
642   175.751358   363.328400   779.422852 
643   153.073776   382.967773   779.422852 
644   130.396164   402.607147   779.422852 
645   107.718582   422.246521   779.422852 
646   85.040977   441.885895   779.422852 
647   56.693989   432.066223   779.422852 
648   28.346991   422.246521   779.422852 
649   0.000000   412.426849   779.422852 
650   -28.346991   402.607147   779.422852 
651   -56.693989   392.787476   779.422852 
652   -85.040977   382.967773   779.422852 
653   -113.387978   373.148102   779.422852 
654   -141.734970   363.328400   779.422852 
655   -170.081955   353.508728   779.422852 
656   -198.428955   343.689026   779.422852 
657   -226.775955   333.869354   779.422852 
658   -255.122940   324.049652   779.422852 
659   -283.469940   314.229980   779.422852 
660   -311.816925   304.410278   779.422852 
661   -340.163940   294.590607   779.422852 
662   -345.833344   265.131531   779.422852 
663   -351.502716   235.672485   779.422852 
664   -357.172119   206.213425   779.422852 
665   -362.841522   176.754364   779.422852 
666   -368.510925   147.295303   779.422852 
667   -374.180328   117.836243   779.422852 
668   -379.849731   88.377182   779.422852 
669   -385.519135   58.918121   779.422852 
670   -391.188507   29.459061   779.422852 
671   -396.857910   0.000000   779.422852 
672   -402.527313   -29.459061   779.422852 
673   -408.196716   -58.918121   779.422852 
674   -413.866119   -88.377182   779.422852 
675   -419.535522   -117.836243   779.422852 
676   -425.204895   -147.295303   779.422852 
677   -402.527313   -166.934677   779.422852 
678   -379.849731   -186.574051   779.422852 
679   -357.172119   -206.213425   779.422852 
680   -334.494537   -225.852783   779.422852 
681   -311.816925   -245.492172   779.422852 
682   -289.139343   -265.131531   779.422852 
683   -266.461731   -284.770935   779.422852 
684   -243.784149   -304.410278   779.422852 
685   -221.106552   -324.049652   779.422852 
686   -198.428955   -343.689026   779.422852 
687   -175.751358   -363.328400   779.422852 
688   -153.073776   -382.967773   779.422852 
689   -130.396164   -402.607147   779.422852 
690   -107.718582   -422.246521   779.422852 
691   -85.040977   -441.885895   779.422852 
692   -56.693989   -432.066223   779.422852 
693   -28.346991   -422.246521   779.422852 
694   -0.000000   -412.426849   779.422852 
695   28.346991   -402.607147   779.422852 
696   56.693989   -392.787476   779.422852 
697   85.040977   -382.967773   779.422852 
698   113.387978   -373.148102   779.422852 
699   141.734970   -363.328400   779.422852 
700   170.081955   -353.508728   779.422852 
701   198.428955   -343.689026   779.422852 
702   226.775955   -333.869354   779.422852 
703   255.122940   -324.049652   779.422852 
704   283.469940   -314.229980   779.422852 
705   311.816925   -304.410278   779.422852 
706   340.163940   -294.590607   779.422852 
707   345.833344   -265.131531   779.422852 
708   351.502716   -235.672485   779.422852 
709   357.172119   -206.213425   779.422852 
710   362.841522   -176.754364   779.422852 
711   368.510925   -147.295303   779.422852 
712   374.180328   -117.836243   779.422852 
713   379.849731   -88.377182   779.422852 
714   385.519135   -58.918121   779.422852 
715   391.188507   -29.459061   779.422852 
716   396.857910   0.000000   779.422852 
717   402.527313   29.459061   779.422852 
718   408.196716   58.918121   779.422852 
719   413.866119   88.377182   779.422852 
720   419.535522   117.836243   779.422852 
721   453.551910   157.114990   779.422852 
722   430.874298   176.754364   779.422852 
723   408.196716   196.393723   779.422852 
724   385.519135   216.033112   779.422852 
725   362.841522   235.672485   779.422852 
726   340.163940   255.311844   779.422852 
727   317.486328   274.951233   779.422852 
728   294.808746   294.590607   779.422852 
729   272.131134   314.229980   779.422852 
730   249.453552   333.869354   779.422852 
731   226.775955   353.508728   779.422852 
732   204.098358   373.148102   779.422852 
733   181.420761   392.787476   779.422852 
734   158.743164   412.426849   779.422852 
735   136.065567   432.066223   779.422852 
736   113.387978   451.705597   779.422852 
737   90.710381   471.344971   779.422852 
738   62.363392   461.525269   779.422852 
739   34.016392   451.705597   779.422852 
740   5.669400   441.885895   779.422852 
741   -22.677601   432.066223   779.422852 
742   -51.024590   422.246521   779.422852 
743   -79.371582   412.426849   779.422852 
744   -107.718582   402.607147   779.422852 
745   -136.065567   392.787476   779.422852 
746   -164.412567   382.967773   779.422852 
747   -192.759567   373.148102   779.422852 
748   -221.106552   363.328400   779.422852 
749   -249.453552   353.508728   779.422852 
750   -277.800537   343.689026   779.422852 
751   -306.147522   333.869354   779.422852 
752   -334.494537   324.049652   779.422852 
753   -362.841522   314.229980   779.422852 
754   -368.510925   284.770935   779.422852 
755   -374.180328   255.311844   779.422852 
756   -379.849731   225.852783   779.422852 
757   -385.519135   196.393723   779.422852 
758   -391.188507   166.934677   779.422852 
759   -396.857910   137.475616   779.422852 
760   -402.527313   108.016548   779.422852 
761   -408.196716   78.557487   779.422852 
762   -413.866119   49.098431   779.422852 
763   -419.535522   19.639370   779.422852 
764   -425.204895   -9.819690   779.422852 
765   -430.874298   -39.278751   779.422852 
766   -436.543701   -68.737808   779.422852 
767   -442.213104   -98.196869   779.422852 
768   -447.882507   -127.655930   779.422852 
769   -453.551910   -157.114990   779.422852 
770   -430.874298   -176.754364   779.422852 
771   -408.196716   -196.393723   779.422852 
772   -385.519135   -216.033112   779.422852 
773   -362.841522   -235.672485   779.422852 
774   -340.163940   -255.311844   779.422852 
775   -317.486328   -274.951233   779.422852 
776   -294.808746   -294.590607   779.422852 
777   -272.131134   -314.229980   779.422852 
778   -249.453552   -333.869354   779.422852 
779   -226.775955   -353.508728   779.422852 
780   -204.098358   -373.148102   779.422852 
781   -181.420761   -392.787476   779.422852 
782   -158.743164   -412.426849   779.422852 
783   -136.065567   -432.066223   779.422852 
784   -113.387978   -451.705597   779.422852 
785   -90.710381   -471.344971   779.422852 
786   -62.363392   -461.525269   779.422852 
787   -34.016392   -451.705597   779.422852 
788   -5.669400   -441.885895   779.422852 
789   22.677601   -432.066223   779.422852 
790   51.024590   -422.246521   779.422852 
791   79.371582   -412.426849   779.422852 
792   107.718582   -402.607147   779.422852 
793   136.065567   -392.787476   779.422852 
794   164.412567   -382.967773   779.422852 
795   192.759567   -373.148102   779.422852 
796   221.106552   -363.328400   779.422852 
797   249.453552   -353.508728   779.422852 
798   277.800537   -343.689026   779.422852 
799   306.147522   -333.869354   779.422852 
800   334.494537   -324.049652   779.422852 
801   362.841522   -314.229980   779.422852 
802   368.510925   -284.770935   779.422852 
803   374.180328   -255.311844   779.422852 
804   379.849731   -225.852783   779.422852 
805   385.519135   -196.393723   779.422852 
806   391.188507   -166.934677   779.422852 
807   396.857910   -137.475616   779.422852 
808   402.527313   -108.016548   779.422852 
809   408.196716   -78.557487   779.422852 
810   413.866119   -49.098431   779.422852 
811   419.535522   -19.639370   779.422852 
812   425.204895   9.819690   779.422852 
813   430.874298   39.278751   779.422852 
814   436.543701   68.737808   779.422852 
815   442.213104   98.196869   779.422852 
816   447.882507   127.655930   779.422852 
817   459.221313   186.574051   779.422852 
818   436.543701   206.213425   779.422852 
819   413.866119   225.852783   779.422852 
820   391.188507   245.492172   779.422852 
821   368.510925   265.131531   779.422852 
822   345.833344   284.770935   779.422852 
823   323.155731   304.410278   779.422852 
824   300.478149   324.049652   779.422852 
825   277.800537   343.689026   779.422852 
826   255.122940   363.328400   779.422852 
827   232.445343   382.967773   779.422852 
828   209.767746   402.607147   779.422852 
829   187.090164   422.246521   779.422852 
830   164.412567   441.885895   779.422852 
831   141.734970   461.525269   779.422852 
832   119.057373   481.164642   779.422852 
833   68.032791   490.984344   779.422852 
834   39.685791   481.164642   779.422852 
835   11.338800   471.344971   779.422852 
836   -17.008200   461.525269   779.422852 
837   -45.355190   451.705597   779.422852 
838   -73.702179   441.885895   779.422852 
839   -102.049179   432.066223   779.422852 
840   -130.396164   422.246521   779.422852 
841   -158.743164   412.426849   779.422852 
842   -187.090164   402.607147   779.422852 
843   -215.437149   392.787476   779.422852 
844   -243.784149   382.967773   779.422852 
845   -272.131134   373.148102   779.422852 
846   -300.478149   363.328400   779.422852 
847   -328.825134   353.508728   779.422852 
848   -357.172119   343.689026   779.422852 
849   -391.188507   304.410278   779.422852 
850   -396.857910   274.951233   779.422852 
851   -402.527313   245.492172   779.422852 
852   -408.196716   216.033112   779.422852 
853   -413.866119   186.574051   779.422852 
854   -419.535522   157.114990   779.422852 
855   -425.204895   127.655930   779.422852 
856   -430.874298   98.196869   779.422852 
857   -436.543701   68.737808   779.422852 
858   -442.213104   39.278751   779.422852 
859   -447.882507   9.819690   779.422852 
860   -453.551910   -19.639370   779.422852 
861   -459.221313   -49.098431   779.422852 
862   -464.890686   -78.557487   779.422852 
863   -470.560089   -108.016548   779.422852 
864   -476.229492   -137.475616   779.422852 
865   -459.221313   -186.574051   779.422852 
866   -436.543701   -206.213425   779.422852 
867   -413.866119   -225.852783   779.422852 
868   -391.188507   -245.492172   779.422852 
869   -368.510925   -265.131531   779.422852 
870   -345.833344   -284.770935   779.422852 
871   -323.155731   -304.410278   779.422852 
872   -300.478149   -324.049652   779.422852 
873   -277.800537   -343.689026   779.422852 
874   -255.122940   -363.328400   779.422852 
875   -232.445343   -382.967773   779.422852 
876   -209.767746   -402.607147   779.422852 
877   -187.090164   -422.246521   779.422852 
878   -164.412567   -441.885895   779.422852 
879   -141.734970   -461.525269   779.422852 
880   -119.057373   -481.164642   779.422852 
881   -68.032791   -490.984344   779.422852 
882   -39.685791   -481.164642   779.422852 
883   -11.338800   -471.344971   779.422852 
884   17.008200   -461.525269   779.422852 
885   45.355190   -451.705597   779.422852 
886   73.702179   -441.885895   779.422852 
887   102.049179   -432.066223   779.422852 
888   130.396164   -422.246521   779.422852 
889   158.743164   -412.426849   779.422852 
890   187.090164   -402.607147   779.422852 
891   215.437149   -392.787476   779.422852 
892   243.784149   -382.967773   779.422852 
893   272.131134   -373.148102   779.422852 
894   300.478149   -363.328400   779.422852 
895   328.825134   -353.508728   779.422852 
896   357.172119   -343.689026   779.422852 
897   391.188507   -304.410278   779.422852 
898   396.857910   -274.951233   779.422852 
899   402.527313   -245.492172   779.422852 
900   408.196716   -216.033112   779.422852 
901   413.866119   -186.574051   779.422852 
902   419.535522   -157.114990   779.422852 
903   425.204895   -127.655930   779.422852 
904   430.874298   -98.196869   779.422852 
905   436.543701   -68.737808   779.422852 
906   442.213104   -39.278751   779.422852 
907   447.882507   -9.819690   779.422852 
908   453.551910   19.639370   779.422852 
909   459.221313   49.098431   779.422852 
910   464.890686   78.557487   779.422852 
911   470.560089   108.016548   779.422852 
912   476.229492   137.475616   779.422852 
913   442.213104   235.672485   779.422852 
914   419.535522   255.311844   779.422852 
915   396.857910   274.951233   779.422852 
916   374.180328   294.590607   779.422852 
917   351.502716   314.229980   779.422852 
918   328.825134   333.869354   779.422852 
919   306.147522   353.508728   779.422852 
920   283.469940   373.148102   779.422852 
921   260.792328   392.787476   779.422852 
922   238.114746   412.426849   779.422852 
923   215.437149   432.066223   779.422852 
924   192.759567   451.705597   779.422852 
925   170.081955   471.344971   779.422852 
926   17.008200   500.804016   779.422852 
927   -11.338800   490.984344   779.422852 
928   -39.685791   481.164642   779.422852 
929   -68.032791   471.344971   779.422852 
930   -96.379784   461.525269   779.422852 
931   -124.726768   451.705597   779.422852 
932   -153.073776   441.885895   779.422852 
933   -181.420761   432.066223   779.422852 
934   -209.767746   422.246521   779.422852 
935   -238.114746   412.426849   779.422852 
936   -266.461731   402.607147   779.422852 
937   -294.808746   392.787476   779.422852 
938   -323.155731   382.967773   779.422852 
939   -425.204895   265.131531   779.422852 
940   -430.874298   235.672485   779.422852 
941   -436.543701   206.213425   779.422852 
942   -442.213104   176.754364   779.422852 
943   -447.882507   147.295303   779.422852 
944   -453.551910   117.836243   779.422852 
945   -459.221313   88.377182   779.422852 
946   -464.890686   58.918121   779.422852 
947   -470.560089   29.459061   779.422852 
948   -476.229492   0.000000   779.422852 
949   -481.898895   -29.459061   779.422852 
950   -487.568298   -58.918121   779.422852 
951   -493.237701   -88.377182   779.422852 
952   -442.213104   -235.672485   779.422852 
953   -419.535522   -255.311844   779.422852 
954   -396.857910   -274.951233   779.422852 
955   -374.180328   -294.590607   779.422852 
956   -351.502716   -314.229980   779.422852 
957   -328.825134   -333.869354   779.422852 
958   -306.147522   -353.508728   779.422852 
959   -283.469940   -373.148102   779.422852 
960   -260.792328   -392.787476   779.422852 
961   -238.114746   -412.426849   779.422852 
962   -215.437149   -432.066223   779.422852 
963   -192.759567   -451.705597   779.422852 
964   -170.081955   -471.344971   779.422852 
965   -17.008200   -500.804016   779.422852 
966   11.338800   -490.984344   779.422852 
967   39.685791   -481.164642   779.422852 
968   68.032791   -471.344971   779.422852 
969   96.379784   -461.525269   779.422852 
970   124.726768   -451.705597   779.422852 
971   153.073776   -441.885895   779.422852 
972   181.420761   -432.066223   779.422852 
973   209.767746   -422.246521   779.422852 
974   238.114746   -412.426849   779.422852 
975   266.461731   -402.607147   779.422852 
976   294.808746   -392.787476   779.422852 
977   323.155731   -382.967773   779.422852 
978   425.204895   -265.131531   779.422852 
979   430.874298   -235.672485   779.422852 
980   436.543701   -206.213425   779.422852 
981   442.213104   -176.754364   779.422852 
982   447.882507   -147.295303   779.422852 
983   453.551910   -117.836243   779.422852 
984   459.221313   -88.377182   779.422852 
985   464.890686   -58.918121   779.422852 
986   470.560089   -29.459061   779.422852 
987   476.229492   0.000000   779.422852 
988   481.898895   29.459061   779.422852 
989   487.568298   58.918121   779.422852 
990   493.237701   88.377182   779.422852 
991   402.527313   304.410278   779.422852 
992   379.849731   324.049652   779.422852 
993   357.172119   343.689026   779.422852 
994   334.494537   363.328400   779.422852 
995   311.816925   382.967773   779.422852 
996   289.139343   402.607147   779.422852 
997   266.461731   422.246521   779.422852 
998   243.784149   441.885895   779.422852 
999   -62.363392   500.804016   779.422852 
1000   -90.710381   490.984344   779.422852 
1001   -119.057373   481.164642   779.422852 
1002   -147.404373   471.344971   779.422852 
1003   -175.751358   461.525269   779.422852 
1004   -204.098358   451.705597   779.422852 
1005   -232.445343   441.885895   779.422852 
1006   -260.792328   432.066223   779.422852 
1007   -464.890686   196.393723   779.422852 
1008   -470.560089   166.934677   779.422852 
1009   -476.229492   137.475616   779.422852 
1010   -481.898895   108.016548   779.422852 
1011   -487.568298   78.557487   779.422852 
1012   -493.237701   49.098431   779.422852 
1013   -498.907104   19.639370   779.422852 
1014   -504.576477   -9.819690   779.422852 
1015   -402.527313   -304.410278   779.422852 
1016   -379.849731   -324.049652   779.422852 
1017   -357.172119   -343.689026   779.422852 
1018   -334.494537   -363.328400   779.422852 
1019   -311.816925   -382.967773   779.422852 
1020   -289.139343   -402.607147   779.422852 
1021   -266.461731   -422.246521   779.422852 
1022   -243.784149   -441.885895   779.422852 
1023   62.363392   -500.804016   779.422852 
1024   90.710381   -490.984344   779.422852 
1025   119.057373   -481.164642   779.422852 
1026   147.404373   -471.344971   779.422852 
1027   175.751358   -461.525269   779.422852 
1028   204.098358   -451.705597   779.422852 
1029   232.445343   -441.885895   779.422852 
1030   260.792328   -432.066223   779.422852 
1031   464.890686   -196.393723   779.422852 
1032   470.560089   -166.934677   779.422852 
1033   476.229492   -137.475616   779.422852 
1034   481.898895   -108.016548   779.422852 
1035   487.568298   -78.557487   779.422852 
1036   493.237701   -49.098431   779.422852 
1037   498.907104   -19.639370   779.422852 
1038   504.576477   9.819690   779.422852 
