#E_med [TeV] | % Crab
1.258925411794167143e-02 nan
1.995262314968879180e-02 nan
3.162277660168379134e-02 nan
5.011872336272723411e-02 1.178548869646917296e+02
7.943282347242815178e-02 2.565204269689781569e+01
1.258925411794167559e-01 9.798341109839666885e+00
1.995262314968880291e-01 5.408272798043481266e+00
3.162277660168379967e-01 4.182651438433991231e+00
5.011872336272723549e-01 3.637187327222462407e+00
7.943282347242816011e-01 4.198417080886499342e+00
1.258925411794167504e+00 3.486856597219729181e+00
1.995262314968880846e+00 4.742460038407519285e+00
3.162277660168380855e+00 1.027254863747975655e+01
5.011872336272724660e+00 1.310633383351147430e+01
7.943282347242816677e+00 2.595727928248951955e+01
